# CoordinateSystem: LOCAL_CS["Local Coordinates (m)",LOCAL_DATUM["Local Datum",0],UNIT["metre",1,AUTHORITY["EPSG","9001"]]]
#Label	X	Y	Z	Yaw	Pitch	Roll	Error_(m)	X_error	Y_error	Z_error	Error_(deg)	Yaw_error	Pitch_error	Roll_error	X_est	Y_est	Z_est	Yaw_est	Pitch_est	Roll_est
frame0.png	-0.015510	-1.550768	-0.270397	-18.033043	7.062591	-88.628231	2.182568	-0.522169	1.956506	0.814265	187.321454	65.594794	31.778436	172.559500	-0.537679	0.405738	0.543868	47.561751	38.841027	83.931269
frame11.png	-0.056392	-1.538179	-0.239016	-19.433755	6.510591	-89.128343	2.149283	-0.475699	1.943699	0.784323	188.204758	67.562245	32.242634	172.675379	-0.532091	0.405520	0.545307	48.128490	38.753225	83.547036
frame16.png	-0.063609	-1.532034	-0.237097	-19.741771	6.567731	-89.487915	2.139309	-0.467649	1.932897	0.788579	188.942976	68.087991	32.405609	173.243615	-0.531257	0.400863	0.551482	48.346220	38.973340	83.755700
frame22.png	-0.065942	-1.531584	-0.252915	-19.710701	6.776826	-89.022406	2.145960	-0.461854	1.935166	0.804343	188.349786	68.266673	32.350299	172.536261	-0.527795	0.403582	0.551428	48.555972	39.127125	83.513856
frame27.png	-0.050378	-1.533297	-0.287583	-19.171211	7.595072	-88.611012	2.162327	-0.481516	1.934110	0.838462	187.783312	67.487099	31.387224	172.403323	-0.531894	0.400814	0.550879	48.315887	38.982295	83.792311
frame33.png	-0.016818	-1.576329	-0.317603	-18.489631	7.635494	-87.607782	2.216954	-0.517953	1.976301	0.860723	186.123838	66.762357	30.788554	170.988115	-0.534771	0.399972	0.543120	48.272727	38.424048	83.380333
frame38.png	0.001975	-1.636726	-0.311849	-18.096723	7.278081	-87.771655	2.272737	-0.548379	2.036617	0.846645	186.160403	65.020327	31.247039	171.614904	-0.546403	0.399891	0.534796	46.923604	38.525120	83.843249
frame44.png	0.009417	-1.666005	-0.316329	-17.730535	7.141350	-88.339575	2.311698	-0.578428	2.074493	0.840147	186.914083	60.919263	31.708630	173.839813	-0.569011	0.408488	0.523818	43.188729	38.849980	85.500237
frame50.png	0.008561	-1.648994	-0.315768	-17.301900	6.992366	-88.511153	2.299761	-0.595869	2.056771	0.838768	187.285716	59.869511	32.411611	174.473690	-0.587308	0.407777	0.523000	42.567610	39.403977	85.962537
frame55.png	-0.023961	-1.607251	-0.376991	-17.779479	7.193600	-85.785439	2.273962	-0.569737	2.009229	0.899612	184.699732	61.375313	32.146574	171.212324	-0.593698	0.401978	0.522621	43.595834	39.340174	85.426884
frame61.png	-0.038321	-1.600905	-0.412667	-17.887182	7.611925	-83.689497	2.260568	-0.580202	1.975006	0.934283	185.111547	55.259002	33.531748	173.459936	-0.618522	0.374101	0.521616	37.371819	41.143673	89.770439
frame66.png	-0.048796	-1.616625	-0.453219	-17.967181	8.564126	-83.023560	2.292241	-0.553202	1.996390	0.981204	183.833767	58.502960	32.512494	171.216808	-0.601998	0.379764	0.527985	40.535779	41.076621	88.193248
frame72.png	-0.049194	-1.638902	-0.483174	-18.174559	9.369687	-83.086234	2.320056	-0.571154	2.012299	1.003540	184.382501	55.393813	31.706455	172.983042	-0.620348	0.373397	0.520366	37.219254	41.076142	89.896808
frame77.png	-0.041759	-1.666417	-0.508500	-17.967298	9.412303	-83.265479	2.345499	-0.589993	2.030336	1.015387	184.177153	53.647968	31.011232	173.439969	-0.631752	0.363918	0.506887	35.680669	40.423534	90.174490
frame83.png	-0.038659	-1.677977	-0.564020	-17.780954	8.461708	-83.005730	2.369691	-0.599251	2.034796	1.056380	183.707984	53.568362	31.709992	172.839609	-0.637909	0.356819	0.492360	35.787408	40.171700	89.833879
frame89.png	-0.017704	-1.682134	-0.657667	-16.559736	9.433532	-81.869257	2.409072	-0.632546	2.028971	1.134366	182.555975	53.986796	31.666533	171.491518	-0.650250	0.346837	0.476698	37.427060	41.100065	89.622261
frame94.png	-0.000816	-1.634930	-0.762799	-14.993854	10.109172	-79.745192	2.413489	-0.666651	1.973829	1.218404	179.862082	52.272894	31.271485	169.233588	-0.667467	0.338899	0.455604	37.279041	41.380657	89.488396
frame100.png	0.033143	-1.625036	-0.858128	-13.377676	10.853822	-78.027330	2.443995	-0.717733	1.945321	1.293716	178.269962	51.216606	29.951434	168.106961	-0.684590	0.320285	0.435588	37.838931	40.805255	90.079631
frame105.png	-0.004301	-1.620406	-0.876412	-14.177139	11.827358	-79.223678	2.421558	-0.699112	1.928080	1.287515	179.923511	52.904442	28.936224	169.517800	-0.703413	0.307674	0.411103	38.727303	40.763582	90.294122
frame111.png	-0.012532	-1.637543	-1.007678	-13.388381	13.139885	-77.639195	2.496523	-0.716837	1.939619	1.398803	177.584635	51.899811	26.565452	167.740839	-0.729368	0.302076	0.391125	38.511430	39.705336	90.101644
frame116.png	0.023318	-1.648204	-1.070090	-12.414929	13.180135	-76.759478	2.537107	-0.785987	1.933343	1.442679	176.227290	50.646778	25.251022	166.893222	-0.762670	0.285140	0.372588	38.231849	38.431157	90.133744
frame122.png	0.062877	-1.667472	-1.157342	-10.679757	14.057837	-75.535464	2.606184	-0.863139	1.935167	1.517339	174.427088	48.571152	24.399811	165.741671	-0.800262	0.267694	0.359998	37.891394	38.457648	90.206207
frame127.png	0.043081	-1.664310	-1.228180	-10.273213	15.051309	-75.118963	2.634426	-0.868697	1.919658	1.581289	173.596392	47.007000	22.764211	165.553133	-0.825616	0.255348	0.353109	36.733787	37.815520	90.434170
frame133.png	-0.517266	-1.605732	-1.691707	-18.659227	21.276336	-68.179362	2.763074	-0.340280	1.843240	2.030088	168.903276	55.089692	15.385452	158.923662	-0.857546	0.237507	0.338381	36.430465	36.661788	90.744300
frame139.png	-0.948524	-0.491137	-1.632558	-22.470344	33.050539	-44.543267	1.821762	0.090106	0.327400	1.789834	161.957684	14.195772	-3.306325	161.300464	-0.858418	-0.163737	0.157276	351.725428	29.744214	116.757197
frame144.png	-0.959772	-0.539722	-1.564080	-22.098487	34.377833	-46.319591	1.866408	0.145450	0.457456	1.803623	159.430935	18.114959	-5.365103	158.307571	-0.814322	-0.082266	0.239543	356.016472	29.012730	111.987979
frame150.png	-0.967490	-0.542924	-1.537340	-21.038931	35.886256	-46.415202	1.813977	0.131183	0.433336	1.756566	160.415019	14.332275	-6.383195	159.645917	-0.836307	-0.109588	0.219226	353.293344	29.503061	113.230715
frame155.png	-0.872823	-0.626089	-1.354082	-22.406901	32.887675	-50.055157	1.682611	0.056337	0.541835	1.591986	163.132252	18.360001	-3.847669	162.050108	-0.816486	-0.084254	0.237905	355.953100	29.040006	111.994951
frame161.png	-0.822064	-0.676941	-1.293778	-22.806706	32.022944	-50.871454	1.675749	0.034346	0.628608	1.552999	164.689485	19.203863	-1.416770	163.559870	-0.787718	-0.048334	0.259222	356.397157	30.606173	112.688416
frame166.png	-0.444922	-0.852193	-1.093692	-15.307941	24.324894	-55.100045	1.625372	-0.331789	0.833958	1.355088	168.511766	11.417694	6.497215	167.998922	-0.776711	-0.018235	0.261396	356.109754	30.822108	112.898877
frame172.png	-0.135513	-1.060791	-1.087446	-9.625490	18.857695	-57.466933	1.849028	-0.625473	1.078784	1.365252	172.075822	5.167704	11.835956	171.590482	-0.760986	0.017993	0.277806	355.542214	30.693651	114.123549
frame178.png	-0.092573	-1.044172	-1.106516	-8.038289	17.939042	-55.523708	1.887356	-0.657131	1.081901	1.399921	169.265631	4.209106	12.082110	168.781397	-0.749704	0.037730	0.293405	356.170817	30.021152	113.257689
frame183.png	-0.097447	-0.976406	-1.013402	-7.561682	17.569472	-55.803721	1.787431	-0.632269	1.027515	1.318848	169.546067	6.357092	12.060873	168.997017	-0.729717	0.051109	0.305446	358.795409	29.630344	113.193296
frame194.png	0.008831	-1.186086	-0.523382	-9.283379	15.892185	-69.680165	1.808019	-0.574899	1.393254	0.998632	177.305627	22.661446	20.612890	174.639208	-0.566068	0.207168	0.475251	13.378067	36.505075	104.959042
frame200.png	-0.001313	-1.236549	-0.505762	-10.941175	14.767071	-71.760216	1.862346	-0.535425	1.466533	1.015350	176.554010	29.817752	21.213430	172.720035	-0.536739	0.229984	0.509588	18.876577	35.980501	100.959819
frame211.png	-0.095148	-1.254866	-0.534096	-13.484772	16.987683	-74.730425	1.924503	-0.437394	1.528299	1.084758	172.314066	48.882533	20.440433	163.965923	-0.532542	0.273434	0.550662	35.397762	37.428116	89.235498
frame216.png	-0.100306	-1.279574	-0.533820	-13.778309	16.761313	-75.441134	1.960325	-0.439962	1.571027	1.086822	172.597772	49.619119	20.525333	164.032450	-0.540268	0.291453	0.553002	35.840810	37.286646	88.591315
frame222.png	-0.087744	-1.252501	-0.610469	-12.108511	20.365743	-74.490176	1.992421	-0.460225	1.550030	1.164192	171.106649	48.785782	16.785988	163.143077	-0.547969	0.297529	0.553723	36.677271	37.151731	88.652901
frame239.png	-0.195676	-1.306295	-0.705418	-9.008804	37.414979	-78.462683	2.056917	-0.394979	1.582570	1.253145	165.362667	40.181138	-17.433078	159.456501	-0.590655	0.276275	0.547728	31.172334	19.981901	80.993818
frame244.png	-0.243808	-1.345784	-0.701246	-7.093785	44.169579	-80.665688	2.069131	-0.348028	1.606465	1.256761	166.974663	39.929691	-27.954115	159.701989	-0.591836	0.260681	0.555515	32.835906	16.215464	79.036301
frame261.png	-0.329765	-1.396565	-0.703470	-7.468918	55.880677	-88.864404	2.101503	-0.287631	1.608155	1.321901	172.942159	39.355772	-57.302371	158.355776	-0.617396	0.211590	0.618431	31.886854	-1.421694	69.491373
frame267.png	-0.439533	-1.464918	-0.666804	-11.982976	61.469999	-94.719919	2.112102	-0.187129	1.642090	1.315103	180.637146	43.044823	-67.408656	161.966030	-0.626662	0.177172	0.648299	31.061846	-5.938657	67.246110
frame272.png	-0.618684	-1.506356	-0.678580	-16.947662	64.527589	-96.019744	2.143059	-0.017380	1.657258	1.358638	182.856151	46.444599	-73.666552	160.787159	-0.636064	0.150902	0.680058	29.496936	-9.138962	64.767415
frame278.png	-0.789464	-1.652045	-0.605687	-32.059919	73.511168	-113.249368	2.233308	0.156073	1.785629	1.332229	202.567866	57.621234	-85.618239	174.307346	-0.633392	0.133584	0.726542	25.561315	-12.107071	61.057979
frame283.png	-1.157115	-1.602238	-0.395255	-75.548088	76.304439	-150.117859	2.136925	0.517125	1.718855	1.159553	203.822126	95.967679	-94.685439	-152.867038	-0.639990	0.116618	0.764299	20.419592	-18.380999	57.015102
frame289.png	-1.307633	-1.636492	-0.384085	-107.133445	77.942827	179.462172	2.207814	0.680197	1.740542	1.175706	202.782527	122.158981	-100.575701	-126.816659	-0.627436	0.104050	0.791621	15.025537	-22.632875	52.645513
frame294.png	-1.261368	-1.581014	-0.161615	-117.728671	73.456981	167.195740	2.029957	0.635047	1.659763	0.981137	200.882437	127.402262	-100.927327	-118.051226	-0.626320	0.078748	0.819522	9.673591	-27.470346	49.144514
frame300.png	-1.419658	-1.773826	0.017551	-130.949252	67.133729	153.753938	2.173682	0.796040	1.844655	0.829735	198.180757	137.146636	-95.574947	-106.451126	-0.623618	0.070829	0.847285	6.197383	-28.441218	47.302812
frame306.png	-1.554068	-1.793721	0.230112	-137.111517	61.605852	150.276477	2.184207	0.952904	1.851240	0.660032	199.095314	139.323971	-92.003478	-108.457988	-0.601164	0.057519	0.890144	2.212454	-30.397627	41.818488
frame311.png	-1.660568	-1.259746	0.182451	-154.340236	61.851213	144.144159	1.912757	1.129133	1.319817	0.801114	208.931310	147.944818	-92.809014	-114.678288	-0.531435	0.060070	0.983565	353.604583	-30.957801	29.465871
frame317.png	-1.708701	-1.159292	0.782685	-147.109962	46.042173	155.804632	1.692033	1.158634	1.220453	0.176170	202.890675	142.678531	-76.482550	-122.302422	-0.550066	0.061161	0.958855	355.568568	-30.440376	33.502210
frame322.png	-1.607725	-1.651828	0.493894	-148.855171	53.191339	139.530705	2.082647	1.077097	1.713033	0.492747	198.805353	142.431402	-84.047692	-110.330637	-0.530628	0.061205	0.986642	353.576231	-30.856353	29.200068
frame328.png	-1.723478	-1.624719	1.030418	-143.708948	43.683716	149.347656	2.078900	1.217226	1.685184	-0.018445	197.676586	136.793248	-75.444840	-121.126859	-0.506252	0.060464	1.011973	353.084300	-31.761123	28.220797
frame333.png	-1.656894	-1.808066	0.972846	-143.119346	44.262501	145.569738	2.199754	1.169824	1.861613	0.069448	195.156794	134.760456	-75.571473	-119.225610	-0.487070	0.053547	1.042294	351.641110	-31.308972	26.344128
frame339.png	-1.854052	-1.145705	0.914979	-155.444963	44.269123	149.661976	1.832950	1.381082	1.195241	0.154004	205.803642	146.331722	-74.769205	-123.902107	-0.472970	0.049536	1.068983	350.886759	-30.500082	25.759870
frame344.png	-1.686049	-1.263353	0.590531	-157.271673	52.531856	140.235845	1.852870	1.216538	1.302807	0.505825	203.149586	143.514951	-81.990929	-118.113084	-0.469511	0.039453	1.096355	346.243278	-29.459073	22.122761
frame356.png	-1.907065	-0.788546	1.319198	-155.485522	37.482770	159.410218	1.678929	1.472180	0.794003	-0.145081	204.751431	140.990776	-56.491518	-137.307894	-0.434885	0.005457	1.174117	345.505254	-19.008749	22.102324
frame361.png	-1.842730	-1.058290	1.140570	-152.471300	39.540849	157.866330	1.768833	1.403779	1.075935	0.023180	202.366292	138.005052	-61.139951	-134.791054	-0.438951	0.017645	1.163750	345.533752	-21.599103	23.075276
frame367.png	-1.809916	-1.098139	1.047936	-150.322450	42.776083	157.286578	1.765631	1.373942	1.101421	0.128859	201.189520	135.805382	-61.467815	-135.114133	-0.435974	0.003282	1.176795	345.482932	-18.691732	22.172445
frame372.png	-1.815302	-1.069677	1.026010	-150.548150	43.405963	157.875056	1.744634	1.380211	1.055631	0.156230	201.050679	136.218076	-61.016425	-134.695980	-0.435090	-0.014046	1.182240	345.669926	-17.610462	23.179076
frame378.png	-1.847858	-1.032913	0.991050	-151.625457	43.997932	158.175508	1.744532	1.416983	0.999968	0.188721	201.238120	136.966317	-59.803641	-134.761024	-0.430875	-0.032945	1.179772	345.340860	-15.805710	23.414484
frame383.png	-1.862443	-0.976955	0.969366	-152.726958	44.299777	158.198119	1.713619	1.427928	0.923937	0.209408	201.548653	137.479142	-59.124222	-135.002487	-0.434515	-0.053018	1.178774	344.752183	-14.824445	23.195632
frame389.png	-1.933165	-0.952302	0.704731	-155.324102	52.507096	156.527932	1.803673	1.505352	0.875750	0.469269	204.520061	139.726005	-67.026891	-133.463459	-0.427813	-0.076551	1.174000	344.401903	-14.519795	23.064473
frame395.png	-1.951216	-0.755128	1.154007	-154.623605	39.254412	163.634018	1.652956	1.515999	0.658575	0.017039	203.825603	138.944430	-52.932220	-139.418442	-0.435216	-0.096553	1.171047	344.320825	-13.677808	24.215577
frame400.png	-2.031068	-0.560020	1.434338	-151.039798	34.436067	170.703093	1.679490	1.601931	0.438160	-0.250044	205.063536	136.362918	-46.516000	-145.919396	-0.429138	-0.121860	1.184294	345.323120	-12.079934	24.783697
frame406.png	-2.071815	-0.782896	1.076055	-156.359631	42.674327	160.575732	1.751957	1.630657	0.629824	0.116762	204.099313	142.363407	-55.758595	-135.204174	-0.441158	-0.153072	1.192816	346.003776	-13.084268	25.371558
frame411.png	-2.169564	-0.726675	1.099160	-159.148596	41.942445	160.763319	1.805857	1.716084	0.550724	0.113484	204.710926	143.846062	-53.234135	-135.576548	-0.453480	-0.175951	1.212644	344.697467	-11.291690	25.186771
frame417.png	-2.161491	-0.677961	1.149651	-161.190369	40.301969	159.289880	1.772906	1.704297	0.482497	0.075930	203.854011	144.505627	-50.592593	-134.591869	-0.457194	-0.195464	1.225580	343.315258	-10.290624	24.698010
frame422.png	-2.198955	-0.674024	1.161927	-161.329669	40.614263	159.212387	1.802784	1.743059	0.455481	0.065664	202.871914	143.171594	-51.039888	-134.364572	-0.455896	-0.218542	1.227591	341.841925	-10.425625	24.847815
frame428.png	-2.197549	-0.637229	1.135704	-162.009142	41.860890	158.951866	1.788751	1.741529	0.394467	0.105367	202.588927	143.576804	-51.604527	-133.285212	-0.456020	-0.242761	1.241071	341.567662	-9.743637	25.666654
frame433.png	-2.230571	-0.626751	1.144417	-161.904414	42.413345	159.453794	1.813594	1.774187	0.362092	0.101354	201.208352	142.255074	-52.319613	-132.328957	-0.456384	-0.264658	1.245772	340.350661	-9.906268	27.124837
frame439.png	-2.261904	-0.650295	1.146593	-161.422758	42.761448	159.622997	1.843825	1.805653	0.356974	0.108979	199.466117	141.165672	-51.687269	-131.100767	-0.456251	-0.293321	1.255572	339.742914	-8.925821	28.522230
frame445.png	-2.305627	-0.592232	1.172803	-161.802261	42.535522	160.739687	1.868726	1.845084	0.281165	0.093538	199.842594	141.444359	-50.244274	-131.932062	-0.460544	-0.311066	1.266341	339.642098	-7.708752	28.807625
frame450.png	-2.315020	-0.583131	1.186371	-162.521911	42.166098	160.322337	1.877096	1.856919	0.260640	0.086072	199.822137	142.018986	-49.860251	-131.428495	-0.458101	-0.322491	1.272443	339.497075	-7.694154	28.893842
frame456.png	-2.333949	-0.571119	1.196480	-163.194359	42.201821	159.767550	1.902027	1.885187	0.237131	0.086879	199.971232	141.992270	-49.718441	-131.737486	-0.448762	-0.333988	1.283359	338.797911	-7.516620	28.030064
frame461.png	-2.362544	-0.556129	1.217831	-163.403929	41.354074	160.182499	1.930092	1.916766	0.215546	0.069303	199.750645	141.631401	-48.951301	-132.078146	-0.445778	-0.340583	1.287134	338.227472	-7.597227	28.104353
frame467.png	-2.355472	-0.538419	1.202766	-162.388137	42.307816	160.911399	1.925265	1.913879	0.189001	0.089407	200.356452	140.009476	-49.180952	-134.615335	-0.441593	-0.349418	1.292173	337.621339	-6.873136	26.296063
frame472.png	-2.353249	-0.514346	1.191462	-161.276016	42.887805	161.595148	1.928869	1.922849	0.116728	0.097797	199.398885	141.662344	-50.607037	-130.884007	-0.430400	-0.397617	1.289258	340.386328	-7.719232	30.711140
frame478.png	-2.354284	-0.502381	1.180377	-160.061392	43.826694	162.388330	1.928968	1.922321	0.120111	0.105703	199.798392	139.644979	-51.566265	-133.265140	-0.431964	-0.382270	1.286081	339.583587	-7.739571	29.123190
frame484.png	-2.372651	-0.494133	1.184052	-159.394122	43.517210	163.395407	1.948530	1.943408	0.094108	0.105247	199.506886	140.012792	-51.318104	-132.536289	-0.429243	-0.400024	1.289300	340.618670	-7.800894	30.859118
frame489.png	-2.360199	-0.470646	1.177635	-158.885687	43.716978	163.767914	1.934469	1.930189	0.064944	0.111002	199.931505	139.724175	-50.871452	-133.648259	-0.430010	-0.405702	1.288637	340.838488	-7.154474	30.119655
frame495.png	-2.321715	-0.443948	1.136464	-158.148698	44.504402	164.227392	1.905653	1.899869	0.025891	0.146087	200.079469	139.557960	-51.873347	-133.658242	-0.421845	-0.418058	1.282551	341.409262	-7.368945	30.569150
frame500.png	-2.315813	-0.407451	1.136788	-158.506738	44.305019	164.334506	1.906881	1.901684	-0.024594	0.138521	199.839626	139.878051	-51.498404	-133.108682	-0.414128	-0.432045	1.275309	341.371312	-7.193385	31.225824
frame506.png	-2.305095	-0.374130	1.121912	-158.439118	44.901707	165.043151	1.910059	1.903494	-0.077407	0.138002	200.085462	139.707014	-51.548315	-133.637247	-0.401601	-0.451536	1.259915	341.267896	-6.646608	31.405903
frame511.png	-2.310760	-0.354480	1.111148	-158.376761	45.383089	165.974174	1.930189	1.921128	-0.115683	0.146675	199.666418	139.053062	-51.070499	-133.875796	-0.389632	-0.470163	1.257823	340.676301	-5.687410	32.098377
frame517.png	-2.302547	-0.299632	1.079620	-158.728844	46.150466	167.246620	1.978026	1.956786	-0.242329	0.157645	195.637675	135.841945	-45.496238	-133.233472	-0.345761	-0.541960	1.237265	337.113101	0.654229	34.013148
frame523.png	-2.305161	-0.256336	1.015680	-157.275461	47.945031	170.087267	1.972767	1.941279	-0.264550	0.230778	198.152155	134.916451	-49.333246	-136.484646	-0.363882	-0.520887	1.246458	337.640990	-1.388215	33.602621
frame528.png	-2.273351	-0.207910	0.969661	-157.477208	49.384751	170.555493	1.974539	1.927590	-0.334050	0.267604	197.820694	134.590309	-48.730524	-136.542343	-0.345761	-0.541960	1.237265	337.113101	0.654227	34.013150
frame534.png	-2.275497	-0.151417	0.922368	-157.644068	50.621347	171.706844	2.021895	1.954024	-0.425146	0.298498	196.671080	133.529098	-48.222439	-136.103233	-0.321473	-0.576563	1.220866	335.885030	2.398908	35.603611
frame539.png	-2.332101	-0.077140	0.801889	-156.093754	53.422056	175.824526	2.132889	2.025448	-0.533602	0.402548	197.466214	130.877530	-49.124320	-139.466049	-0.306654	-0.610742	1.204437	334.783776	4.297736	36.358477
frame545.png	-2.285276	-0.101567	0.542618	-151.904140	59.554942	177.489691	2.166452	1.995223	-0.549224	0.641057	197.436900	126.455192	-53.174477	-141.996088	-0.290054	-0.650791	1.183676	334.551052	6.380465	35.493603
frame556.png	-2.170460	-0.005009	0.481775	-149.502605	60.501451	179.623483	2.161467	1.933169	-0.720372	0.644873	198.262455	124.463512	-51.701417	-145.409074	-0.237292	-0.725380	1.126648	334.960906	8.800034	34.214409
frame573.png	-1.980086	1.103402	0.214139	-169.905733	67.983015	-168.755331	2.757025	1.812690	-1.900043	0.839749	225.638342	148.365636	-67.880569	-155.860604	-0.167396	-0.796641	1.053888	338.459902	0.102446	35.384065
frame584.png	-1.961827	1.204926	0.237743	-174.694938	67.451199	-168.402470	2.863320	1.829438	-2.058864	0.782840	221.421814	149.165211	-56.786694	-153.468663	-0.132389	-0.853938	1.020584	334.470273	10.664505	38.128866
frame595.png	-1.922174	1.256972	0.148041	-170.321739	66.539816	-164.195160	2.947789	1.805480	-2.169864	0.849349	221.894366	142.729518	-53.728946	-161.178767	-0.116694	-0.912891	0.997390	332.407779	12.810870	34.626074
frame612.png	-1.758578	1.223380	-0.072707	-157.925916	72.959448	-151.948988	2.974032	1.712329	-2.203286	1.028749	228.571403	132.126932	-59.175868	-176.877292	-0.046248	-0.979906	0.956043	334.201016	13.783580	31.173720
frame634.png	-1.517228	1.016993	1.066232	-178.896225	38.325462	173.867593	2.621532	1.560227	-2.100139	-0.165939	203.097794	148.017523	-19.378325	-137.709866	0.042999	-1.083146	0.900293	329.121298	18.947136	36.157727
frame639.png	-1.723357	1.252874	0.188116	-179.565680	69.399328	-177.084776	3.025530	1.772639	-2.347766	0.706811	209.994407	144.552507	-47.578357	-144.701498	0.049282	-1.094892	0.894927	324.986827	21.820972	38.213726
frame645.png	-1.782038	1.508341	0.924463	159.147707	44.639979	168.939387	3.206512	1.836377	-2.628407	-0.030234	206.692398	159.985118	-17.877322	-129.641469	0.054338	-1.120066	0.894229	319.132825	26.762657	39.297918
frame650.png	-1.791712	1.510842	0.907730	159.579618	45.335684	168.944372	3.207799	1.843865	-2.624853	-0.016791	205.396742	158.825845	-18.000735	-128.988938	0.052152	-1.114011	0.890938	318.405463	27.334949	39.955433
frame656.png	-1.818300	1.531028	0.818630	160.001792	48.286277	169.221740	3.246055	1.872321	-2.650573	0.075863	206.770702	159.282104	-21.659443	-130.054616	0.054021	-1.119545	0.894493	319.283896	26.626834	39.167124
frame662.png	-1.887839	1.399337	0.664871	161.624629	52.437675	166.632164	3.171914	1.932896	-2.503709	0.237471	206.569534	158.949294	-28.269208	-128.867940	0.045057	-1.104373	0.902342	320.573923	24.168467	37.764223
frame667.png	-1.886444	1.617085	0.034146	167.784059	73.006715	179.555009	3.411342	1.909189	-2.688938	0.872848	215.535087	153.364036	-50.596227	-142.740562	0.022745	-1.071853	0.906994	321.148096	22.410488	36.814447
frame673.png	-1.861835	1.628438	-0.257559	176.252229	81.999368	-170.174309	3.451339	1.856069	-2.656338	1.187692	224.099054	149.465235	-64.366272	-154.069830	-0.005765	-1.027901	0.930133	325.717463	17.633096	35.755861
frame678.png	-1.889849	1.638187	-0.384628	-156.263277	84.073043	-140.357142	3.454683	1.838466	-2.594249	1.350832	226.109268	124.809494	-72.035016	174.238192	-0.051382	-0.956062	0.966204	328.546217	12.038027	33.881050
frame684.png	-2.234838	0.575404	0.602149	-167.639329	56.459875	175.208105	2.589411	2.115595	-1.433724	0.416825	205.673352	140.628549	-47.708696	-142.299048	-0.119243	-0.858320	1.018974	332.989220	8.751179	32.909057
frame689.png	-2.245056	0.328096	0.659611	-163.106064	54.772160	173.104098	2.372650	2.063519	-1.090997	0.425538	203.614714	139.053810	-49.039692	-140.421145	-0.181536	-0.762901	1.085149	335.947746	5.732468	32.682953
frame695.png	-2.361724	0.024217	0.590370	-157.206743	58.510864	172.899360	2.327370	2.143172	-0.738810	0.526900	203.077810	134.900522	-56.912126	-140.724752	-0.218552	-0.714593	1.117270	337.693779	1.598738	32.174608
frame706.png	-2.461152	0.026048	1.029753	-160.392520	48.804097	172.766144	2.271336	2.165729	-0.662761	0.171269	202.311233	140.844054	-49.054988	-136.698192	-0.295422	-0.636714	1.201022	340.451534	-0.250891	36.067952
frame740.png	-2.300026	-0.514611	1.076625	-157.451473	47.896826	165.641302	1.897041	1.873941	0.214238	0.203010	202.870824	144.730902	-54.768220	-131.186810	-0.426085	-0.300373	1.279636	347.279429	-6.871394	34.454492
frame745.png	-2.323206	-0.508522	1.100985	-160.584530	46.387975	162.005929	1.911231	1.890838	0.221951	0.168143	202.980434	147.413453	-56.555118	-127.561158	-0.432368	-0.286571	1.269128	346.828924	-10.167144	34.444771
frame751.png	-2.269174	-0.540721	1.082767	-162.021572	46.879810	158.252057	1.877211	1.848873	0.267792	0.184061	204.244966	147.397254	-61.065074	-127.519067	-0.420301	-0.272929	1.266828	345.375682	-14.185264	30.732989
frame756.png	-2.169057	-0.574139	1.036582	-162.092439	47.028766	156.688556	1.808666	1.766504	0.314840	0.227182	204.567551	147.808001	-63.029270	-126.601694	-0.402552	-0.259299	1.263764	345.715562	-16.000504	30.086862
frame762.png	-1.957068	-0.468534	1.136303	-160.492402	41.782371	160.383037	1.595925	1.572964	0.261315	0.066907	205.295709	147.103137	-58.812405	-130.568358	-0.384104	-0.207219	1.203210	346.610736	-17.030034	29.814679
frame767.png	-1.835285	-0.506697	1.082126	-156.451724	42.725675	162.362103	1.496806	1.459611	0.319632	0.088309	204.374822	144.525299	-60.417554	-131.267761	-0.375674	-0.187065	1.170435	348.073575	-17.691879	31.094343
frame773.png	-1.654187	-0.569962	1.030744	-154.605582	42.180910	159.682815	1.361748	1.291612	0.420885	0.094616	201.718494	145.554635	-60.112005	-126.058502	-0.362576	-0.149077	1.125359	350.949053	-17.931095	33.624313
frame778.png	-1.580688	-0.627599	0.991764	-154.922323	42.689560	158.002906	1.371782	1.242428	0.578825	0.055854	203.986586	141.386672	-65.662538	-131.562788	-0.338260	-0.048774	1.047618	346.464349	-22.972978	26.440118
frame795.png	-0.778624	-1.337847	0.882327	-139.117507	39.180834	141.024723	1.452452	0.457150	1.376713	0.072729	181.694480	124.636632	-60.260360	-117.674480	-0.321474	0.038866	0.955056	345.519125	-21.079526	23.350243
frame817.png	-0.972742	-1.316581	1.391603	-157.122776	17.318858	130.843330	1.675535	0.693196	1.474333	-0.391462	186.778000	119.936581	-52.788859	-133.096109	-0.279546	0.157752	1.000142	322.813804	-35.470001	-2.252779
frame829.png	-1.002297	-1.306261	1.277481	-170.592030	7.287305	116.852305	1.685096	0.762843	1.484270	-0.233585	182.936867	110.493454	-42.925485	-139.335914	-0.239455	0.178009	1.043896	299.901424	-35.638180	-22.483608
frame834.png	-0.880875	-1.342468	1.452802	-168.578919	0.836964	118.390669	1.722369	0.646989	1.542670	-0.410037	182.319610	102.243124	-33.795763	-147.121141	-0.233886	0.200202	1.042765	293.664205	-32.958799	-28.730472
frame840.png	-0.873409	-1.295249	1.349333	-173.106155	-4.661920	113.210311	1.682135	0.655574	1.516327	-0.317103	181.227112	101.967626	-25.881702	-147.566958	-0.217835	0.221078	1.032230	288.861471	-30.543622	-34.356647
frame845.png	-0.798078	-1.290603	1.421731	-174.877995	-10.349255	113.451636	1.695392	0.616068	1.534052	-0.376163	184.330218	97.705196	-15.866240	-155.497866	-0.182011	0.243449	1.045569	282.827201	-26.215494	-42.046230
frame851.png	-0.614014	-1.263691	1.496363	-172.229463	-15.130866	114.043183	1.667911	0.458592	1.535509	-0.462421	183.159317	91.593882	-6.253930	-158.489068	-0.155422	0.271817	1.033942	279.364419	-21.384796	-44.445885
frame856.png	-0.533307	-1.209343	1.466555	-174.867255	-22.559830	112.455105	1.610309	0.394711	1.494324	-0.451990	184.868154	91.820247	2.632746	-160.431747	-0.138596	0.284981	1.014565	276.952992	-19.927084	-47.976642
frame862.png	-0.390784	-1.159943	1.500490	-174.330539	-25.481877	113.981628	1.574824	0.297578	1.466340	-0.491288	187.151909	88.182967	12.517723	-164.599234	-0.093206	0.306397	1.009202	273.852428	-12.964154	-50.617606
frame867.png	-0.337086	-1.143450	1.476506	-173.468230	-27.289003	114.114242	1.564963	0.263677	1.464277	-0.485259	186.583982	87.893593	14.566572	-163.939360	-0.073409	0.320826	0.991247	274.425363	-12.722430	-49.825118
frame873.png	-0.264842	-1.101227	1.461198	-175.736276	-32.633968	115.046250	1.529071	0.189977	1.436314	-0.488846	191.049500	90.000480	23.842461	-166.827342	-0.074865	0.335087	0.972353	274.264204	-8.791507	-51.781092
frame879.png	-0.187467	-1.108065	1.459634	-171.914802	-31.681890	114.660569	1.566822	0.134726	1.474080	-0.513682	189.836677	84.360612	25.081932	-168.202699	-0.052741	0.366015	0.945952	272.445810	-6.599958	-53.542130
frame890.png	-0.064934	-1.056446	1.499960	-165.293263	-27.404326	119.186653	1.536909	0.006571	1.423757	-0.578759	192.339044	85.396321	17.639524	-171.436937	-0.058363	0.367311	0.921201	280.103058	-9.764802	-52.250284
frame895.png	0.396848	-0.255032	1.499621	-157.566193	-35.374889	129.128445	0.962552	-0.423167	0.620142	-0.602379	201.024466	83.920698	31.981514	-179.848089	-0.026320	0.365110	0.897242	286.354505	-3.393375	-50.719644
frame901.png	-0.126593	-1.495394	1.212931	-156.236085	-14.562417	111.296993	1.893873	0.091701	1.864973	-0.316576	180.720575	79.388653	7.990587	-162.152763	-0.034892	0.369579	0.896354	283.152568	-6.571830	-50.855770
frame906.png	0.260539	-0.506887	1.710067	-168.412759	-36.118205	137.696315	1.224300	-0.277973	0.878606	-0.806035	197.949566	95.741771	32.896635	170.103954	-0.017434	0.371719	0.904031	287.329012	-3.221570	-52.199730
frame912.png	0.267621	-0.399512	1.803984	-171.649622	-35.731531	141.221326	1.208367	-0.241219	0.791284	-0.880814	196.928668	98.332628	31.965017	167.600216	0.026402	0.391773	0.923170	286.683007	-3.766514	-51.178458
frame918.png	0.163770	-0.642976	1.902011	-167.315076	-32.138868	136.605035	1.420618	-0.104005	1.039777	-0.962394	199.469759	95.129362	26.990396	173.234257	0.059765	0.396801	0.939617	287.814285	-5.148472	-50.160708
frame923.png	0.298818	-0.345378	2.045545	-169.639547	-35.974325	144.347895	1.306294	-0.108248	0.767873	-1.051217	194.695766	100.037164	32.655457	163.806680	0.190570	0.422495	0.994328	290.397617	-3.318868	-51.845425
frame929.png	0.350645	-0.185127	2.108199	-170.772875	-36.610206	147.863202	1.293687	-0.211229	0.587056	-1.133302	192.620968	101.538856	31.834719	160.559175	0.139417	0.401930	0.974896	290.765981	-4.775487	-51.577623
frame934.png	0.360581	-0.120060	2.211298	-173.599639	-36.804317	150.048810	1.344825	-0.174990	0.540681	-1.218850	192.130622	104.080337	33.301462	158.026808	0.185591	0.420621	0.992448	290.480698	-3.502855	-51.924382
frame940.png	0.506856	-0.501075	2.251015	-168.526844	-43.338020	143.749400	1.574615	-0.263439	0.945336	-1.231403	195.492017	99.272506	41.739753	163.156033	0.243417	0.444262	1.019612	290.745662	-1.598268	-53.094567
frame945.png	0.107075	-0.475427	2.307585	-175.306524	-31.363037	146.447217	1.587379	0.160429	0.930474	-1.276029	195.913820	107.237602	29.076520	161.359467	0.267505	0.455047	1.031556	291.931078	-2.286517	-52.193316
frame951.png	0.702412	-0.093579	2.382388	-170.643322	-45.700799	151.347554	1.493880	-0.387660	0.549938	-1.333779	193.663059	103.120188	41.208785	158.661411	0.314752	0.456359	1.048609	292.476866	-4.492014	-49.991035
frame956.png	0.464870	-0.138452	2.755029	-173.925399	-38.405161	155.066616	1.805784	-0.114007	0.611654	-1.695211	190.366369	106.536246	34.753460	153.888205	0.350863	0.473202	1.059819	292.610848	-3.651701	-51.045179
frame962.png	0.454596	-0.115885	2.874787	-172.991637	-37.470179	156.413081	1.896324	-0.062291	0.612543	-1.793587	189.029821	106.101285	34.948151	152.490713	0.392306	0.496657	1.081200	293.109648	-2.522029	-51.096207
frame968.png	0.465051	-0.051145	2.893499	-173.611853	-37.166425	158.215990	1.877568	-0.036265	0.556093	-1.792961	189.619998	107.854602	35.967080	151.754728	0.428786	0.504947	1.100538	294.242748	-1.199345	-50.029281
frame973.png	0.519603	0.027796	3.078158	-178.921045	-37.488046	163.862872	2.002940	-0.005605	0.490513	-1.941940	191.336233	117.608174	41.280181	145.168240	0.513998	0.518309	1.136217	298.687130	3.792135	-50.968888
frame979.png	0.576146	0.100551	3.041287	179.586347	-38.669411	166.086031	1.944349	-0.037021	0.413753	-1.899456	194.041550	120.557028	44.405423	145.417622	0.539124	0.514304	1.141832	300.143375	5.736012	-48.496347
frame984.png	0.610601	0.112328	3.063177	178.804354	-39.705141	165.838606	1.953807	-0.058677	0.387413	-1.914113	195.765740	122.693672	45.876117	145.484947	0.551924	0.499741	1.149064	301.498026	6.170976	-48.676447
frame990.png	0.612793	0.158840	3.109931	177.437799	-40.367125	167.698524	1.978882	-0.035496	0.316008	-1.953165	194.912462	123.446802	47.080145	143.301133	0.577296	0.474848	1.156766	300.884601	6.713020	-49.000343
frame995.png	0.571216	0.197730	3.077097	176.723713	-38.659037	168.294950	1.930782	0.038209	0.261586	-1.912598	196.226042	125.664606	48.283150	142.764855	0.609425	0.459316	1.164499	302.388319	9.624113	-48.940194
frame1001.png	0.656399	0.189044	3.092829	176.773275	-40.787921	168.519925	1.954448	-0.025365	0.261764	-1.936674	197.281179	124.674247	50.418067	144.340619	0.631034	0.450807	1.156155	301.447522	9.630146	-47.139456
frame1007.png	0.643254	0.205526	3.096301	177.159563	-40.009182	167.359318	1.951825	-0.004191	0.243150	-1.936616	197.857027	126.871332	49.364931	143.576362	0.639064	0.448676	1.159686	304.030895	9.355749	-49.064320
frame1012.png	0.649073	0.324589	3.038703	175.449949	-39.575991	170.918047	1.890958	0.009561	0.106048	-1.887958	196.571706	127.222721	49.638096	141.389089	0.658634	0.430637	1.150745	302.672670	10.062105	-47.692865
frame1018.png	0.678890	0.367428	3.026513	175.236298	-40.682863	172.029865	1.888546	-0.001711	0.050063	-1.887882	198.057373	129.483010	52.809563	140.256989	0.677179	0.417491	1.138631	304.719308	12.126700	-47.713146
frame1023.png	0.694527	0.386082	2.982873	176.035086	-41.631321	171.823491	1.851744	0.001725	0.017242	-1.851663	197.753456	130.287409	53.975285	138.630043	0.696252	0.403324	1.131210	306.322495	12.343964	-49.546466
frame1029.png	0.666371	0.503747	2.942415	173.952672	-41.052404	176.214598	1.843240	0.068911	-0.137078	-1.836844	196.465885	133.433892	54.705655	133.422382	0.735281	0.366669	1.105571	307.386564	13.653252	-50.363020
frame1034.png	0.606740	0.491671	2.944514	174.589563	-39.911720	174.905616	1.860795	0.142571	-0.134932	-1.850412	198.816810	135.764748	56.770498	133.690567	0.749311	0.356739	1.094101	310.354311	16.858778	-51.403816
frame1040.png	0.592158	0.582110	2.746219	172.476796	-39.988991	178.980323	1.722362	0.182565	-0.286892	-1.688459	199.353584	139.305851	59.121904	129.770304	0.774724	0.295218	1.057759	311.782647	19.132913	-51.249372
frame1046.png	0.562050	0.619947	2.692026	174.153170	-39.495677	-178.552018	1.705623	0.222068	-0.353716	-1.653699	199.648681	141.305270	60.214016	127.540930	0.784118	0.266231	1.038327	315.458439	20.718339	-51.011089
frame1051.png	0.406599	0.746915	2.683252	173.951451	-35.213459	-176.157334	1.777584	0.401258	-0.500756	-1.657721	200.421861	146.427014	57.572271	124.151059	0.807857	0.246158	1.025531	320.378465	22.358812	-52.006274
frame1057.png	0.459157	0.953260	2.633161	170.871728	-35.951188	-171.929234	1.851708	0.389183	-0.768044	-1.639350	201.804649	150.281066	60.136619	120.516824	0.848340	0.185216	0.993812	321.152794	24.185430	-51.412411
frame1062.png	0.452887	1.109480	2.615893	168.649763	-35.598466	-168.366210	1.946614	0.419034	-0.967963	-1.636082	201.298762	152.757928	60.509594	116.296157	0.871921	0.141517	0.979811	321.407690	24.911128	-52.070053
frame1068.png	-0.035333	1.741750	2.404478	169.451426	-24.657413	-154.414856	2.372561	0.932440	-1.635864	-1.443451	189.693693	152.576628	50.253032	100.889555	0.897107	0.105886	0.961027	322.028054	25.595619	-53.525300
frame1073.png	-0.121634	1.825263	2.294312	168.777832	-22.139565	-153.139671	2.443335	1.035142	-1.753111	-1.350915	187.266590	152.418026	46.697307	98.269439	0.913508	0.072152	0.943397	321.195858	24.557742	-54.870231
frame1079.png	0.695832	1.316765	2.455751	160.575954	-40.387582	-163.880383	2.025768	0.242084	-1.290887	-1.542317	202.980864	158.321206	64.489614	109.438186	0.937915	0.025878	0.913434	318.897160	24.102032	-54.442196
frame1084.png	0.040028	1.992945	2.117272	163.979794	-23.758919	-150.835395	2.507472	0.911127	-1.993444	-1.217966	188.592177	155.240147	47.366462	96.041263	0.951156	-0.000499	0.899306	319.219941	23.607543	-54.794132
frame1090.png	-0.968660	2.105267	1.983042	-178.427535	-8.549968	-150.340641	3.101786	1.941690	-2.151651	-1.105132	168.825346	134.349429	31.610676	97.226506	0.973030	-0.046384	0.877910	315.921894	23.060708	-53.114134
frame1107.png	0.441057	2.175416	1.830585	154.838536	-31.959426	-141.380842	2.618464	0.587498	-2.338074	-1.022062	193.961309	163.548886	58.006308	86.648828	1.028555	-0.162658	0.808522	318.387422	26.046882	-54.732014
frame1118.png	0.216950	2.275306	1.749351	160.989714	-29.054416	-142.620289	2.830243	0.857375	-2.511491	-0.983667	191.686605	164.381385	52.278389	83.603139	1.074325	-0.236185	0.765684	325.371099	23.223973	-59.017149
frame1129.png	0.433079	2.087544	1.823659	155.056743	-30.107149	-148.936731	2.700902	0.669715	-2.374839	-1.098404	201.240735	170.817175	54.632049	91.294387	1.102793	-0.287295	0.725256	325.873918	24.524899	-57.642344
frame1135.png	0.333106	2.029039	1.875947	159.846359	-30.222110	-154.446948	2.752652	0.794098	-2.361925	-1.169536	200.221244	164.173578	57.448353	99.172927	1.127204	-0.332885	0.706411	324.019937	27.226243	-55.274021
frame1140.png	0.336838	2.048787	1.856591	159.773767	-30.024690	-154.464023	2.788797	0.810113	-2.402066	-1.162403	198.655364	162.694280	55.402830	99.624552	1.146950	-0.353280	0.694187	322.468047	25.378140	-54.839471
frame1146.png	0.321303	2.326516	1.739207	158.281905	-28.807317	-144.998068	2.987366	0.832813	-2.677892	-1.029404	202.996761	175.712232	58.224271	83.323651	1.154116	-0.351375	0.709802	333.994137	29.416954	-61.674417
frame1157.png	0.097360	2.772930	1.322805	156.677277	-22.066893	-126.613810	3.354667	1.056757	-3.124305	-0.613002	195.726796	177.316856	51.483841	64.939399	1.154116	-0.351375	0.709802	333.994132	29.416948	-61.674411
frame1162.png	-0.139114	2.616048	1.644604	164.011998	-20.949861	-136.299838	3.365332	1.295413	-2.963220	-0.930964	193.205065	171.221349	50.594336	73.835358	1.156299	-0.347172	0.713640	335.233347	29.644475	-62.464480
frame1168.png	0.176776	2.681102	1.438225	155.843663	-23.580176	-128.809745	3.262081	0.980108	-3.026790	-0.720489	197.668818	178.314118	53.339988	66.572385	1.156883	-0.345689	0.717736	334.157781	29.759812	-62.237360
frame1173.png	-0.483655	2.436090	1.819236	172.344784	-16.288115	-142.502047	3.395627	1.635702	-2.767683	-1.093019	187.385020	162.891913	46.525546	80.092097	1.152047	-0.331594	0.726217	335.236697	30.237431	-62.409950
frame1185.png	0.075417	2.338123	1.536522	162.482882	-20.059920	-134.599124	2.896976	1.046015	-2.577144	-0.810342	194.940867	171.897261	50.354877	76.926326	1.121431	-0.239021	0.726180	334.380142	30.294957	-57.672798
frame1190.png	0.167172	2.082588	1.883340	163.902396	-23.339583	-143.763261	2.648118	0.898204	-2.218528	-1.133090	196.766499	167.387558	52.437593	89.155815	1.065375	-0.135940	0.750250	331.289953	29.098010	-54.607446
frame1207.png	0.226648	1.431777	2.343368	168.164548	-28.772840	-152.386396	2.063911	0.690007	-1.290162	-1.455713	197.638015	163.572708	56.647995	95.371687	0.916655	0.141615	0.887656	331.737256	27.875155	-57.014709
frame1218.png	0.342636	1.300253	2.256066	167.247528	-33.717711	-147.764171	1.738323	0.466928	-1.057801	-1.297999	197.951548	167.736781	58.980219	87.008743	0.809564	0.242452	0.958067	334.984309	25.262508	-60.755428
frame1224.png	-0.430635	1.186225	2.274661	178.723305	-15.867799	-152.313475	1.976140	1.170142	-0.905155	-1.310188	183.915641	153.370187	40.506105	93.068813	0.739506	0.281070	0.964473	332.093493	24.638306	-59.244662
frame1235.png	0.599545	0.863832	2.162784	160.569153	-42.777366	-151.040217	1.306831	0.044922	-0.519901	-1.198120	201.893585	169.767365	68.476850	85.152702	0.644467	0.343931	0.964663	330.336518	25.699484	-65.887515
frame1240.png	0.522938	0.795505	2.117768	163.109179	-41.014383	-152.746771	1.243258	0.097208	-0.441073	-1.158316	199.311584	165.108393	66.738315	89.500409	0.620146	0.354433	0.959453	328.217572	25.723931	-63.246362
frame1246.png	0.605041	0.569218	2.030215	161.528138	-45.931182	-156.308574	1.094528	-0.037525	-0.199185	-1.075597	203.375814	165.621818	70.847907	94.401848	0.567517	0.370033	0.954618	327.149957	24.916725	-61.906726
frame1251.png	0.361939	-1.258983	2.008115	-171.320768	-42.839355	127.731017	2.125396	-0.101088	1.755231	-1.194257	199.350026	102.103358	60.613463	160.129151	0.260850	0.496248	0.813858	290.782590	17.774108	-72.139831
frame1263.png	0.488683	-1.065727	1.900700	-179.462391	-57.532813	126.934569	1.949544	-0.249748	1.573550	-1.123515	202.447205	100.957230	80.945766	155.692940	0.238935	0.507823	0.777185	281.494838	23.412953	-77.372491
frame1268.png	0.364388	-1.245101	1.956897	178.420885	-54.992527	123.812812	2.141326	-0.124508	1.763151	-1.208749	204.005383	99.333364	81.333938	158.542959	0.239880	0.518050	0.748148	277.754250	26.341411	-77.644229
frame1274.png	0.523555	-0.886323	1.798075	165.231931	-63.546696	138.741670	1.789118	-0.318705	1.397695	-1.070428	202.300655	109.458920	91.014883	143.737925	0.204850	0.511373	0.727647	274.690851	27.468187	-77.520405
frame1279.png	0.612967	-0.922357	1.732070	158.710888	-68.334255	141.822158	1.819114	-0.415306	1.441055	-1.029591	205.095895	114.180396	101.161255	137.089621	0.197661	0.518698	0.702479	272.891283	32.827001	-81.088222
frame1285.png	0.753983	-0.965093	1.520462	160.650891	-74.882932	138.905102	1.809938	-0.583150	1.480229	-0.862979	209.385260	107.003387	112.981040	140.099061	0.170833	0.515136	0.657482	267.654278	38.098108	-80.995837
frame1290.png	0.759135	-0.894981	1.424543	148.108077	-77.454548	150.811556	1.733622	-0.620672	1.403417	-0.806617	210.310743	114.976774	117.601933	131.075304	0.138463	0.508436	0.617926	263.084851	40.147385	-78.113139
frame1296.png	0.702953	-0.744276	1.078956	66.846378	-78.517834	-134.887698	1.477184	-0.601128	1.249105	-0.510347	219.464611	-167.750764	129.672793	56.651247	0.101825	0.504830	0.568609	259.095614	51.154959	-78.236451
frame1301.png	0.810982	-0.908110	1.083872	69.715246	-82.478165	-134.406862	1.668681	-0.733847	1.403400	-0.525768	223.951633	-170.518717	134.421444	54.850494	0.077135	0.495291	0.558104	259.196529	51.943278	-79.556367
frame1307.png	0.796577	-0.983756	1.025057	36.578931	-74.843628	-106.460908	1.721180	-0.749616	1.470173	-0.489008	192.621609	-136.977687	133.337668	23.691002	0.046961	0.486417	0.536049	259.601244	58.494040	-82.769906
frame1313.png	0.837582	-1.010993	0.884898	17.335610	-76.805231	-84.006407	1.752142	-0.803881	1.510056	-0.378823	182.256896	-116.518761	140.099505	-3.617069	0.033701	0.499062	0.506074	260.816849	63.294274	-87.623476
frame1318.png	0.898804	-1.052279	0.855174	10.976562	-77.550144	-75.460579	1.818651	-0.900473	1.539379	-0.356303	176.145889	-106.747125	139.102587	-16.819502	-0.001669	0.487100	0.498871	264.229437	61.552443	-92.280081
frame1324.png	0.974968	-1.089331	0.751207	5.040469	-73.665636	-68.791204	1.899727	-1.003307	1.589406	-0.275912	172.146948	-97.230368	139.144795	-28.627839	-0.028339	0.500074	0.475295	267.810100	65.479159	-97.419042
frame1329.png	0.947223	-1.097128	0.762829	3.372727	-74.035429	-67.951592	1.904540	-0.988542	1.598499	-0.307990	172.896875	-95.707364	140.552056	-31.281776	-0.041319	0.501370	0.454839	267.665364	66.516627	-99.233368
frame1335.png	0.924518	-1.089445	0.698543	-7.696407	-73.415704	-55.450775	1.874838	-0.972290	1.585587	-0.235766	167.695406	-81.123946	138.269154	-49.216823	-0.047772	0.496142	0.462777	271.179646	64.853449	-104.667598
frame1340.png	0.980529	-1.031119	0.771426	4.590979	-71.968505	-67.004802	1.876976	-1.046557	1.525121	-0.318998	169.843678	-89.224718	137.680917	-43.929371	-0.066028	0.494003	0.452428	275.366260	65.712412	-110.934173
frame1346.png	1.006278	-1.163820	0.618946	-7.126402	-67.261044	-53.485198	2.016707	-1.084043	1.687873	-0.207464	163.954195	-63.083316	132.701014	-72.745545	-0.077765	0.524053	0.411481	289.790282	65.439969	-126.230742
frame1352.png	1.097345	-1.174730	0.611501	-11.161784	-68.503125	-46.350549	2.098390	-1.175137	1.724913	-0.216718	164.034388	-50.363666	129.498941	-87.182601	-0.077791	0.550183	0.394783	298.474550	60.995817	-133.533150
frame1357.png	1.246274	-1.197784	0.521956	-13.060545	-68.153261	-41.828345	2.233638	-1.286127	1.814954	-0.202382	158.052936	-50.386569	124.864355	-82.769663	-0.039853	0.617170	0.319574	296.552886	56.711094	-124.598008
frame1363.png	1.373593	-1.068506	0.283311	-17.600229	-63.261207	-31.655260	2.185737	-1.423370	1.657614	0.061483	160.322261	-46.938391	121.403812	-93.600905	-0.049777	0.589108	0.344794	295.461380	58.142605	-125.256165
frame1368.png	1.767620	-0.760754	0.388431	-13.586141	-68.582618	-21.122866	2.275614	-1.806988	1.381221	-0.073780	169.975789	-49.629910	125.148582	-103.761618	-0.039368	0.620467	0.314651	296.783949	56.565965	-124.884484
frame1374.png	1.959321	-0.663676	0.296336	-8.257406	-65.846320	-23.647165	2.380139	-1.982359	1.316688	-0.040543	168.117603	-55.720462	122.979754	-100.173542	-0.023038	0.653013	0.255793	296.022132	57.133433	-123.820707
frame1379.png	2.237823	-0.478255	0.055719	-1.394070	-59.288327	-25.769261	2.539014	-2.241981	1.186736	0.108490	166.650026	-58.839546	116.296704	-103.851894	-0.004158	0.708481	0.164209	299.766385	57.008377	-129.621155
frame1385.png	2.341381	-0.400738	0.161882	-12.514742	-62.884587	-10.864579	2.598390	-2.333829	1.141806	-0.034005	172.634685	-48.598600	117.508285	-116.759211	0.007553	0.741068	0.127877	298.886658	54.623697	-127.623791
frame1390.png	2.378682	-0.271541	0.222330	-13.804454	-64.525873	-6.527553	2.566528	-2.346562	1.032310	-0.122686	173.175367	-49.209504	115.489834	-119.290531	0.032120	0.760769	0.099644	296.986043	50.963960	-125.818083
frame1396.png	2.471341	-0.559169	0.067170	-10.473321	-62.217766	-17.080244	2.756546	-2.417487	1.324500	0.001459	162.896948	-50.351936	111.175665	-107.889155	0.053854	0.765331	0.068629	299.174743	48.957899	-124.969399
frame1402.png	2.470404	-0.611902	-0.102156	-10.513128	-59.487078	-18.553831	2.782059	-2.410709	1.382807	0.127200	158.900218	-46.274531	107.170124	-107.807752	0.059696	0.770905	0.025044	303.212341	47.683047	-126.361584
frame1407.png	2.485022	0.506438	-0.052808	15.931670	-60.860858	-20.566668	2.422916	-2.409031	0.256274	0.037610	168.156982	-72.775260	109.270776	-105.073448	0.075991	0.762712	-0.015199	303.156410	48.409918	-125.640116
frame1413.png	2.484856	0.412865	0.690674	11.781738	-77.935954	-18.686708	2.524504	-2.384224	0.350884	-0.751983	178.274793	-67.457330	124.336052	-108.498649	0.100633	0.763749	-0.061308	304.324408	46.400098	-127.185357
frame1418.png	2.436493	0.536381	0.745131	15.413955	-80.225293	-19.549426	2.473555	-2.321635	0.220923	-0.824427	178.925849	-70.523122	125.075690	-106.756828	0.114858	0.757305	-0.079296	304.890833	44.850397	-126.306254
frame1424.png	2.338796	0.526918	0.863870	22.813283	-82.878215	-28.689454	2.395259	-2.174158	0.194557	-0.986129	178.044320	-76.311226	127.510704	-98.068328	0.164638	0.721475	-0.122259	306.502057	44.632489	-126.757782
frame1429.png	2.583380	0.063614	-0.153896	-2.554190	-58.926668	-14.254154	2.441276	-2.376393	0.557927	-0.036120	162.312988	-39.745570	99.373626	-122.027366	0.206987	0.621541	-0.190017	317.700241	40.446958	-136.281520
frame1435.png	2.585140	0.946568	0.071204	9.457173	-62.768035	-6.463015	2.425582	-2.398878	-0.273253	-0.232737	174.148596	-55.566626	105.393764	-127.012747	0.186263	0.673315	-0.161532	313.890546	42.625729	-133.475762
frame1441.png	2.351738	0.358424	0.416938	-4.262978	-71.932936	-3.083935	2.238962	-2.138022	0.253336	-0.614519	178.004456	-36.650283	111.287824	-134.005087	0.213716	0.611760	-0.197582	319.086738	39.354888	-137.089022
frame1446.png	2.299344	0.680077	0.479414	0.441414	-73.042294	-0.274313	2.176607	-2.053131	-0.103336	-0.715257	180.181729	-37.809461	108.371086	-138.894232	0.246213	0.576741	-0.235843	322.631952	35.328792	-139.168545
frame1452.png	2.271253	0.821088	0.475642	8.892786	-72.837656	-6.417156	2.141199	-1.981131	-0.316699	-0.748033	176.837332	-43.607039	105.783120	-134.832487	0.290121	0.504389	-0.272391	325.285747	32.945464	-141.249643
frame1457.png	2.209233	1.091462	0.362298	19.450265	-70.159697	-11.780059	2.098669	-1.892412	-0.625155	-0.657549	173.419439	-51.809662	101.661497	-130.594797	0.316821	0.466307	-0.295251	327.640603	31.501799	-142.374856
frame1463.png	2.285863	1.111890	0.191666	19.995544	-65.305588	-14.948711	2.116190	-1.928350	-0.698839	-0.520913	169.271073	-51.061873	96.512360	-129.347384	0.357513	0.413052	-0.329247	328.933670	31.206771	-144.296095
frame1468.png	2.049875	1.606645	0.373784	28.513902	-69.183171	-12.994141	2.198858	-1.647503	-1.253364	-0.741477	176.997779	-59.423104	100.969585	-132.673476	0.402372	0.353281	-0.367693	329.090798	31.786414	-145.667617
frame1474.png	2.174181	0.999713	-0.140643	15.317829	-57.360843	-16.113167	1.893698	-1.689915	-0.796303	-0.310130	165.996238	-48.808524	90.407470	-130.380092	0.484266	0.203410	-0.450773	326.509305	33.046627	-146.493260
frame1480.png	1.987502	1.786873	0.152091	26.108515	-63.316783	-10.007371	2.238208	-1.529202	-1.531466	-0.570727	176.034701	-58.451324	95.253026	-136.009264	0.458300	0.255406	-0.418636	327.657191	31.936243	-146.016635
frame1485.png	2.024968	1.409288	-0.745357	23.912996	-44.082138	-17.445838	1.978371	-1.537368	-1.210463	0.291941	161.052167	-57.755900	77.550485	-128.794327	0.487600	0.198825	-0.453416	326.157096	33.468347	-146.240165
frame1491.png	1.676683	2.032920	0.531800	34.833649	-72.966682	-13.533318	2.424323	-1.172167	-1.871180	-1.001024	183.528813	-67.615076	106.953512	-132.935973	0.504516	0.161740	-0.469224	327.218574	33.986830	-146.469292
frame1496.png	1.671279	2.028736	0.514725	37.593895	-73.168354	-16.845280	2.432385	-1.148848	-1.894174	-1.004367	180.595262	-70.211341	105.615837	-128.570258	0.522431	0.134562	-0.489642	327.382553	32.447483	-145.415538
frame1502.png	1.657812	2.044317	0.394604	34.737341	-70.985948	-14.229037	2.419603	-1.120549	-1.940867	-0.912077	178.921366	-66.002432	102.435037	-131.009913	0.537264	0.103450	-0.517473	328.734909	31.449089	-145.238950
frame1507.png	1.781000	1.941273	0.110436	29.878834	-64.464320	-14.033158	2.329642	-1.229985	-1.868707	-0.649846	171.170251	-60.460479	93.775668	-129.807201	0.551015	0.072565	-0.539409	329.418354	29.311348	-143.840359
frame1513.png	1.630617	2.131914	0.471816	45.913825	-72.736812	-27.291991	2.597975	-1.039551	-2.128923	-1.066066	174.506203	-73.021923	103.812747	-119.762796	0.591066	0.002991	-0.594249	332.891901	31.075935	-147.054787
frame1518.png	1.681037	2.105816	0.476311	41.485542	-72.500715	-23.872536	2.604010	-1.080572	-2.110261	-1.077046	175.387901	-70.291307	103.753542	-122.699839	0.600464	-0.004445	-0.600736	331.194235	31.252826	-146.572375
frame1524.png	1.818680	1.943614	0.165391	34.326815	-64.799311	-21.751746	2.423401	-1.212454	-1.951459	-0.771126	170.083637	-62.770685	95.610113	-125.884833	0.606226	-0.007844	-0.605735	331.556131	30.810803	-147.636579
frame1530.png	1.823224	1.961430	0.169225	35.840400	-64.777267	-22.674360	2.435106	-1.217746	-1.960026	-0.777905	170.254137	-64.076873	95.648624	-125.427135	0.605478	0.001404	-0.608681	331.763528	30.871357	-148.101496
frame1535.png	1.803125	1.939686	0.158957	35.507896	-64.757177	-22.130899	2.399951	-1.205691	-1.930295	-0.761601	171.135748	-63.823835	96.739130	-125.918637	0.597433	0.009391	-0.602643	331.684060	31.981954	-148.049536
frame1541.png	1.357832	2.423662	0.396651	57.779328	-70.744107	-26.854741	2.702704	-0.787451	-2.395393	-0.972946	178.254013	-83.783244	100.733482	-120.862015	0.570380	0.028269	-0.576295	333.996084	29.989375	-147.716756
frame1546.png	1.336449	2.437268	0.695042	70.891724	-76.515186	-38.886746	2.808365	-0.769717	-2.389606	-1.258663	179.930940	-96.081612	105.577525	-109.530147	0.566732	0.047663	-0.563621	334.810111	29.062339	-148.416893
frame1552.png	1.571990	2.266572	0.228440	46.513671	-65.826210	-19.499197	2.521611	-1.011850	-2.179030	-0.765843	176.458160	-71.769533	95.834700	-129.623789	0.560141	0.087543	-0.537403	334.744139	30.008490	-149.122986
frame1557.png	1.613503	2.182992	0.118333	45.195380	-63.890314	-18.386163	2.400167	-1.099796	-2.040615	-0.622208	175.610877	-70.703913	94.383951	-130.122276	0.513707	0.142377	-0.503875	334.491467	30.493637	-148.508439
frame1563.png	1.664547	2.093612	0.185893	44.312215	-65.848434	-17.583447	2.326742	-1.196660	-1.882440	-0.661931	177.412805	-71.420859	98.134416	-129.398611	0.467887	0.211171	-0.476038	332.891356	32.285983	-146.982057
frame1569.png	1.825321	1.779183	0.271942	43.619759	-68.789022	-21.704921	2.173885	-1.424536	-1.483904	-0.703208	174.798849	-70.060813	100.269878	-124.868217	0.400785	0.295279	-0.431266	333.558946	31.480856	-146.573137
frame1574.png	1.933555	1.589163	0.154070	36.384408	-66.718256	-18.285801	2.083164	-1.571657	-1.247963	-0.558620	171.757357	-63.944223	97.870505	-125.829608	0.361898	0.341200	-0.404550	332.440185	31.152249	-144.115409
frame1580.png	2.208289	1.189260	0.281095	28.968956	-69.663269	-19.840968	2.138029	-1.906835	-0.735170	-0.628232	171.360450	-58.791265	103.494544	-123.275586	0.301454	0.454090	-0.347137	330.177691	33.831275	-143.116555
frame1585.png	2.326769	0.939810	0.085803	25.146894	-64.773464	-23.196702	2.153867	-2.085841	-0.379865	-0.379618	168.319573	-57.686764	104.359496	-118.797355	0.240928	0.559945	-0.293815	327.460130	39.586032	-141.994058
frame1591.png	2.321199	0.973426	-0.302139	24.977327	-55.657286	-20.862027	2.126714	-2.089401	-0.396206	0.018315	165.573530	-59.520462	96.586624	-120.594082	0.231797	0.577220	-0.283824	325.456865	40.929339	-141.456109
frame1596.png	2.410760	0.670353	-0.227293	18.979851	-57.610580	-22.686761	2.211253	-2.210626	-0.047349	-0.023034	166.225490	-58.431200	103.313804	-116.374251	0.200133	0.623004	-0.250327	320.548652	45.703224	-139.061012
frame1602.png	2.461084	0.419677	-0.208313	15.500471	-58.117664	-24.403985	2.310688	-2.297577	0.245708	-0.007094	163.913835	-56.725831	104.818861	-112.529692	0.163507	0.665385	-0.215407	318.774640	46.701197	-136.933677
frame1607.png	2.495020	0.258977	-0.207556	13.118102	-57.682086	-27.067757	2.375895	-2.336023	0.433146	0.015988	162.918676	-56.122408	107.500336	-108.795442	0.158997	0.692123	-0.191567	316.995694	49.818250	-135.863199
frame1613.png	2.430509	0.278455	-0.099975	12.604427	-60.606561	-23.775923	2.325734	-2.284503	0.434761	-0.032690	166.056539	-60.043904	112.185169	-106.695789	0.146007	0.713216	-0.132665	312.560523	51.578608	-130.471712
frame1619.png	2.389219	0.417256	0.176544	16.511009	-66.583892	-20.694491	2.270170	-2.233182	0.297602	-0.279292	169.180132	-55.278896	111.282915	-114.814083	0.156037	0.714858	-0.102749	321.232113	44.699023	-135.508574
frame1624.png	2.385405	0.648734	0.316134	23.859536	-69.591200	-21.025456	2.251780	-2.202843	0.057934	-0.463291	171.011485	-57.199898	109.165661	-118.557826	0.182562	0.706668	-0.147157	326.659638	39.574461	-139.583282
frame1630.png	2.367255	0.749513	0.519653	27.495106	-74.435223	-21.980521	2.274964	-2.133010	-0.093671	-0.785465	170.615939	-56.377457	107.815379	-119.612814	0.234245	0.655842	-0.265812	331.117649	33.380156	-141.593335
frame1635.png	2.388231	0.823270	0.526570	26.538333	-75.568258	-21.552116	2.301207	-2.153986	-0.167429	-0.792382	171.321637	-55.420684	108.948414	-120.041219	0.234245	0.655842	-0.265812	331.117649	33.380156	-141.593335
frame1641.png	2.380865	1.374695	0.051454	32.960938	-63.459771	-19.401438	2.266282	-2.092573	-0.780081	-0.385545	168.392088	-61.098612	96.500097	-123.735953	0.288292	0.594614	-0.334092	331.862326	33.040326	-143.137391
frame1646.png	2.544930	1.358726	0.243946	31.052022	-66.667060	-20.939744	2.450647	-2.231292	-0.791694	-0.632634	171.243744	-59.958481	99.949812	-125.456907	0.313638	0.567031	-0.388688	331.093541	33.282753	-146.396651
frame1652.png	2.465219	1.603408	0.170388	37.492035	-65.802381	-23.598462	2.458633	-2.127422	-1.069398	-0.612651	171.151369	-64.764128	99.019904	-123.666719	0.337796	0.534010	-0.442263	332.727907	33.217523	-147.265181
frame1658.png	2.589745	1.647681	0.316399	36.030366	-68.076088	-22.413639	2.627339	-2.214853	-1.153775	-0.816173	172.131964	-61.629772	99.525959	-126.197336	0.374892	0.493906	-0.499774	334.400594	31.449871	-148.610975
frame1663.png	2.505078	1.998601	0.149851	40.638147	-64.596343	-21.311193	2.691780	-2.110867	-1.516238	-0.700671	172.833486	-64.141975	93.992914	-130.086714	0.394211	0.482363	-0.550820	336.496172	29.396571	-151.397906
frame1669.png	2.362054	2.237858	0.065592	44.149291	-63.042393	-20.145358	2.711873	-1.941639	-1.778309	-0.649549	174.313956	-68.701945	92.176714	-131.029964	0.420415	0.459550	-0.583957	335.447347	29.134322	-151.175322
frame1674.png	2.386172	2.169753	-0.101325	41.995040	-60.185941	-19.938012	2.653528	-1.954787	-1.724581	-0.495819	172.546604	-66.805860	90.258131	-131.006783	0.431384	0.445172	-0.597144	335.189180	30.072191	-150.944795
frame1680.png	2.321320	2.195464	-0.073267	43.405002	-61.453096	-20.364054	2.633755	-1.892942	-1.754766	-0.523671	173.040650	-68.744228	91.900490	-129.505204	0.428379	0.440698	-0.596938	334.660775	30.447394	-149.869258
frame1685.png	2.393188	2.124500	0.080383	38.733064	-64.891045	-17.227326	2.677483	-1.971020	-1.680819	-0.677381	173.209139	-64.134590	94.312354	-130.358506	0.422168	0.443681	-0.596998	334.598474	29.421309	-147.585833
frame1691.png	2.598590	1.895806	-0.177047	33.360537	-59.000777	-18.222990	2.669562	-2.198629	-1.454160	-0.421913	171.319742	-61.085824	91.037792	-131.647623	0.399961	0.441646	-0.598960	332.274713	32.037015	-149.870613
frame1702.png	2.795081	1.657650	-0.874900	28.110356	-43.403465	-17.729181	2.767361	-2.480661	-1.206856	0.219328	175.755829	-54.227368	73.674806	-150.071739	0.314420	0.450793	-0.655572	333.882989	30.271342	-167.800921
frame1708.png	2.769208	1.345069	-1.144329	23.520526	-39.158108	-18.452394	2.720953	-2.515022	-0.921389	0.478845	172.906320	-47.690054	71.505995	-150.030486	0.254185	0.423680	-0.665485	335.830471	32.347887	-168.482880
frame1719.png	2.763991	1.528980	-1.102861	25.078990	-37.643596	-16.647697	2.879256	-2.633874	-1.109050	0.350469	186.940684	-47.961802	68.438518	-167.220376	0.130116	0.419931	-0.752392	337.117188	30.794922	176.131927
frame1724.png	2.692814	1.421042	-1.273173	21.408844	-35.443149	-15.247994	2.835931	-2.586166	-1.039520	0.523112	185.484180	-45.804671	67.811507	-166.456940	0.106647	0.381521	-0.750061	335.604174	32.368358	178.295066
frame1735.png	2.011385	0.497416	-1.785177	14.306239	-12.783580	-23.319104	2.289847	-2.046725	-0.173444	1.012044	182.801583	-37.364046	42.501445	-173.821673	-0.035341	0.323972	-0.773133	336.942193	29.717866	162.859224
frame1741.png	1.892584	0.508540	-2.085166	16.825277	-9.189082	-24.530023	2.346211	-1.939529	-0.188000	1.306747	180.397409	-39.547374	39.517848	-171.515509	-0.046945	0.320540	-0.778419	337.277902	30.328766	163.954467
frame1747.png	1.824304	0.474347	-2.182836	16.529412	-6.586591	-24.727679	2.372372	-1.911912	-0.169486	1.394279	180.697559	-38.718889	38.019511	-172.357106	-0.087608	0.304861	-0.788557	337.810523	31.432920	162.915215
frame1752.png	2.137148	1.071531	-2.230159	23.866589	-12.970755	-18.778061	2.822179	-2.303814	-0.785917	1.428099	185.367571	-44.218170	43.121729	174.775302	-0.166666	0.285614	-0.802060	339.648419	30.150974	155.997241
frame1758.png	1.452572	0.424566	-2.362501	16.874563	-1.029105	-24.461231	2.364728	-1.721817	-0.212493	1.606902	186.076734	-38.236213	33.973369	-178.908785	-0.269244	0.212074	-0.755598	338.638350	32.944264	156.629984
frame1763.png	1.265367	0.453381	-2.467402	18.686196	2.918524	-23.662804	2.398265	-1.629349	-0.294437	1.734993	178.981055	-39.373373	30.499201	171.912054	-0.363982	0.158944	-0.732408	339.312824	33.417724	148.249249
frame1769.png	1.494892	0.382524	-3.091510	6.178684	2.091972	-20.102423	3.126744	-1.928090	-0.298110	2.443384	174.191443	-26.875019	31.957314	169.112750	-0.433197	0.084414	-0.648126	339.303665	34.049286	149.010327
frame1774.png	1.526306	0.774903	-2.879211	6.886440	1.031810	-11.790404	3.059637	-1.964032	-0.694593	2.240870	165.507818	-27.358250	32.944410	159.871917	-0.437726	0.080310	-0.638341	339.528189	33.976220	148.081513
frame1780.png	1.742850	-0.787985	-1.750509	-16.864883	-21.312455	-31.569742	2.642924	-2.230198	0.824413	1.153953	182.749435	-0.955838	54.553514	174.414324	-0.487348	0.036428	-0.596555	342.179279	33.241059	142.844582
frame1786.png	1.295709	0.381657	-1.984042	8.939611	-7.310448	-19.094272	2.345392	-1.825929	-0.395574	1.417874	163.099393	-25.686452	40.878291	155.790191	-0.530220	-0.013917	-0.566168	343.253159	33.567843	136.695919
frame1791.png	-0.142474	0.313347	-3.257900	2.103406	33.006074	-18.474996	2.751839	-0.435468	-0.401521	2.687335	151.147609	-18.443173	-0.851851	150.015744	-0.577941	-0.088175	-0.570565	343.660234	32.154223	131.540748
frame1797.png	0.317862	0.115672	-2.605217	6.068870	21.218015	-20.569040	2.278130	-0.920518	-0.261133	2.067446	152.339603	-23.743369	6.575464	150.334196	-0.602656	-0.145461	-0.537770	342.325501	27.793480	129.765156
frame1802.png	0.330179	0.446660	-2.623382	6.508822	22.195977	-12.944353	2.412854	-0.977222	-0.631957	2.113654	141.694305	-26.718035	4.792417	139.069966	-0.647043	-0.185297	-0.509728	339.790787	26.988393	126.125613
frame1808.png	-0.228830	0.608871	-2.699468	11.305567	32.570874	-7.876524	2.435620	-0.458531	-0.870228	2.228160	130.328814	-29.058577	-5.960793	126.908108	-0.687361	-0.261357	-0.471308	342.246990	26.610081	119.031584
frame1813.png	-0.310239	0.846337	-2.577524	13.171282	32.721350	0.140586	2.474350	-0.388912	-1.142839	2.159879	124.363781	-33.771155	-7.955393	119.426006	-0.699151	-0.296502	-0.417646	339.400126	24.765957	119.566592
frame1819.png	-1.214158	-0.631907	-2.211123	-12.376981	58.545404	-46.258815	1.906134	0.428234	0.277237	1.836600	160.622758	-9.014485	-35.302864	156.435665	-0.785924	-0.354670	-0.374523	338.608534	23.242540	110.176850
frame1824.png	-1.678153	-0.112042	-2.321623	-0.524911	65.069049	-25.717782	2.169099	0.831388	-0.297880	1.981174	142.599913	-20.417536	-41.552581	134.874914	-0.846765	-0.409922	-0.340449	339.057553	23.516468	109.157132
frame1836.png	-1.993870	0.352558	-2.640518	17.857357	66.206032	-2.384253	2.726013	0.970215	-0.885870	2.388527	114.712189	-36.962032	-44.446354	99.081865	-1.023655	-0.533312	-0.251991	340.895325	21.759678	96.697612
frame1847.png	-1.838198	1.179668	-2.409929	41.170438	58.572178	28.364553	2.997294	0.714926	-1.819034	2.272393	89.481557	-60.777134	-37.432916	53.961706	-1.123273	-0.639366	-0.137536	340.393304	21.139262	82.326260
frame1852.png	-2.323657	-0.098654	-2.325016	12.865387	74.583225	-12.015357	2.603291	1.199970	-0.573284	2.237978	117.280685	-34.384213	-53.744941	98.407146	-1.123687	-0.671938	-0.087038	338.481174	20.838284	86.391788
frame1858.png	-0.982786	-0.367553	-3.029205	-1.967321	45.998854	-29.408150	3.044740	-0.157751	-0.357750	3.019532	118.891406	-21.464087	-25.274096	114.173900	-1.140537	-0.725303	-0.009673	336.568591	20.724758	84.765750
frame1863.png	-1.018597	0.155216	-2.992184	6.652615	46.610208	-16.183278	3.169324	-0.124893	-0.908618	3.033716	105.562651	-28.781780	-26.836054	97.953605	-1.143490	-0.753402	0.041531	337.870834	19.774153	81.770326
frame1869.png	-1.949394	-0.479642	-2.207329	-6.909490	70.610911	-39.377595	2.437735	0.810261	-0.279792	2.282049	129.127270	-14.587405	-49.830611	118.228464	-1.139133	-0.759434	0.074720	338.503105	20.780300	78.850869
frame1875.png	-1.310415	-0.109157	-2.599940	0.429654	56.359690	-23.336753	3.001579	0.236595	-0.711429	2.906435	95.457028	-23.505446	-36.642885	84.951970	-1.073819	-0.820586	0.306495	336.924208	19.716804	61.615218
frame1880.png	-1.060243	0.014418	-2.687299	3.467326	50.592615	-20.147175	2.988993	-0.045780	-0.813228	2.875873	97.134594	-25.558975	-31.262043	88.343381	-1.106023	-0.798810	0.188574	337.908351	19.330572	68.196206
frame1886.png	-1.172314	0.109422	-2.641535	5.135448	52.881143	-16.414491	3.047543	0.094047	-0.919071	2.904132	91.617305	-28.083594	-32.551026	80.904098	-1.078267	-0.809649	0.262596	337.051854	20.330117	64.489607
frame1891.png	-1.243044	0.285630	-2.666766	12.172086	53.313612	-9.284660	3.213981	0.167295	-1.121156	3.007440	84.607282	-35.399788	-33.997410	68.916060	-1.075749	-0.835526	0.340674	336.772298	19.316201	59.631399
frame1897.png	-1.731105	0.624717	-2.358023	25.221531	61.073935	8.079938	3.182841	0.698515	-1.465548	2.737649	82.592703	-46.815662	-43.660301	52.188375	-1.032590	-0.840831	0.379626	338.405869	17.413634	60.268313
frame1902.png	-2.164563	0.798132	-1.833649	53.528590	67.959173	38.793770	3.006025	1.172897	-1.627511	2.238684	92.182194	-74.528739	-49.745866	21.641919	-0.991666	-0.829379	0.405036	338.999851	18.213307	60.435689
frame1908.png	-2.485054	-0.311067	-1.780947	-59.603388	83.217605	-85.042682	2.776748	1.528148	-0.524916	2.258220	156.356544	36.352469	-65.246355	137.363677	-0.956906	-0.835983	0.477273	336.749081	17.971249	52.320996
frame1913.png	-2.585058	-0.225121	-1.212692	-106.350532	81.285267	-130.545935	2.577270	1.738350	-0.620564	1.798711	205.163669	83.599957	-64.891184	-175.762091	-0.846708	-0.845685	0.586020	337.249425	16.394083	53.691974
frame1919.png	-2.747416	-0.279527	-0.897275	-122.238954	75.909964	-147.574915	2.561413	1.949963	-0.564905	1.561846	198.084048	101.204533	-61.530611	-158.773161	-0.797453	-0.844431	0.664571	338.965579	14.379353	53.651924
frame1925.png	-2.713778	-0.370882	-0.426406	-136.324601	67.844943	-164.875078	2.314941	1.952622	-0.465562	1.153027	193.326447	116.744384	-54.231564	-144.238696	-0.761156	-0.836443	0.726620	340.419782	13.613380	50.886226
frame1936.png	-3.108076	0.380708	-0.088181	-168.659884	61.154467	-178.638451	2.908284	2.425825	-1.256246	0.997666	209.930081	143.839742	-46.882702	-145.543050	-0.682251	-0.875538	0.909485	335.179858	14.271765	35.818498
frame1947.png	-3.090710	1.096145	0.782101	-177.153673	44.294086	-173.669219	3.193287	2.473225	-2.007117	0.227422	220.295885	156.465165	-30.321487	-152.083979	-0.617484	-0.910972	1.009522	339.311491	13.972599	34.246802
frame1969.png	-3.177132	0.149518	0.494686	-164.568694	53.930304	178.546489	3.047650	2.776115	-1.016649	0.740121	212.755897	140.333320	-39.211326	-155.029362	-0.401017	-0.867132	1.234806	335.764626	14.718978	23.517127
frame1975.png	-3.336979	0.087849	0.259747	-160.382794	58.703449	-178.890240	3.293847	2.970313	-0.968451	1.043443	215.693588	135.138440	-45.189350	-161.923589	-0.366667	-0.880603	1.303190	334.755646	13.514099	19.186171
frame1991.png	-3.222396	-0.277075	1.427165	-167.036979	36.592476	166.192410	3.018336	2.948815	-0.643661	0.023333	206.049139	135.138477	-20.609371	-154.172285	-0.273581	-0.920736	1.450498	328.101498	15.983105	12.020125
frame2014.png	-2.512951	0.351961	2.059150	-175.348972	14.118906	168.279295	3.058475	2.846811	-0.997773	-0.504370	211.643699	138.793970	0.925794	159.776194	0.333859	-0.645812	1.554780	323.444998	15.044699	-31.944511
frame2036.png	-0.180957	0.596091	3.290711	170.000001	-39.206702	172.193669	2.195659	0.854813	-1.045912	-1.730977	215.326411	151.209731	58.135757	141.849618	0.673856	-0.449822	1.559734	321.209733	18.929055	-45.956713
frame2041.png	-2.140648	0.493674	2.831937	-174.913899	1.031081	172.041051	3.234536	2.820536	-0.940277	-1.273844	197.333019	136.044810	17.879568	141.818374	0.679889	-0.446603	1.558093	321.130911	18.910649	-46.140575
frame2047.png	-2.113727	0.744460	2.859903	-177.882679	2.328822	174.655422	3.336088	2.824668	-1.156927	-1.346199	198.102292	137.758625	14.574313	141.614507	0.710940	-0.412467	1.513703	319.875946	16.903135	-43.730071
frame2058.png	-1.773204	0.875385	3.315999	178.625948	-6.287448	175.292392	3.410037	2.624820	-1.180574	-1.828911	197.139978	142.786928	26.555064	133.307511	0.851616	-0.305189	1.487088	321.412877	20.267616	-51.400097
frame2075.png	-1.454383	1.202000	3.534742	175.259429	-8.668658	-179.257983	3.548057	2.478351	-1.337555	-2.158109	193.871470	146.443270	30.983302	123.209378	1.023968	-0.135555	1.376633	321.702699	22.314644	-56.048605
frame2080.png	-1.356293	1.305847	3.495196	174.076577	-8.296308	-178.060056	3.519907	2.385083	-1.406881	-2.172971	194.389640	146.331368	30.380011	124.304135	1.028790	-0.101034	1.322224	320.407945	22.083703	-53.755922
frame2092.png	-0.848111	0.662827	3.650872	174.554177	-19.332643	172.200585	3.188411	1.933084	-0.679809	-2.442746	196.438229	147.487665	45.969591	121.334921	1.084973	-0.016981	1.208126	322.041843	26.636948	-66.464493
frame2103.png	0.009664	0.736275	3.734997	171.827498	-31.897842	172.061505	2.937439	1.115616	-0.681897	-2.630392	196.279105	144.348636	54.719638	121.221778	1.125281	0.054377	1.104605	316.176134	22.821797	-66.716717
frame2114.png	0.163706	0.712621	3.648835	173.926924	-32.521970	171.769445	2.908893	0.973815	-0.580743	-2.678821	194.350600	142.936371	54.848250	119.720587	1.137521	0.131877	0.970014	316.863295	22.326280	-68.509968
frame2147.png	1.365528	0.219010	3.119678	176.097480	-61.111776	164.984618	2.648029	-0.214086	0.183390	-2.632981	188.719648	144.497871	86.586077	85.078328	1.151442	0.402400	0.486697	320.595352	25.474302	-109.937054
frame2153.png	2.010929	-0.118972	2.385456	-155.190984	-77.369467	134.182371	2.349986	-0.909241	0.605131	-2.080752	191.661038	119.373339	101.932986	109.971022	1.101687	0.486159	0.304703	324.182355	24.563520	-115.846607
frame2164.png	2.803270	1.213524	1.484164	-26.986761	-78.059867	33.344631	2.581694	-1.909351	-0.619939	-1.623330	192.785895	-14.316171	104.322400	-161.487725	0.893919	0.593585	-0.139166	318.697069	26.262532	-128.143094
frame2186.png	3.351571	1.060787	0.880262	-1.620188	-69.686317	0.387045	2.985685	-2.649771	-0.404414	-1.315096	180.013384	-37.075233	101.057673	-144.283028	0.701799	0.656374	-0.434835	321.304578	31.371356	-143.895983
frame2203.png	3.166551	1.444256	0.430324	13.487395	-64.751224	-6.597020	2.857253	-2.599468	-0.753730	-0.915725	177.219424	-49.687089	96.076476	-140.382435	0.567083	0.690525	-0.485401	323.800307	31.325252	-146.979455
frame2208.png	3.358486	1.303241	0.493940	10.225554	-65.880569	-5.754835	3.037785	-2.812734	-0.603080	-0.976198	176.960059	-45.709262	96.559125	-141.073957	0.545753	0.700161	-0.482257	324.516291	30.678556	-146.828792
frame2214.png	3.345630	1.336215	0.443350	10.905074	-65.504001	-5.759561	3.025379	-2.807945	-0.636207	-0.929303	176.236466	-46.363433	96.075982	-140.282321	0.537685	0.700008	-0.485953	324.541641	30.571981	-146.041882
frame2220.png	3.234801	1.181322	0.826492	7.697021	-72.074376	-4.112458	3.045381	-2.702394	-0.474378	-1.321505	181.182777	-42.122846	103.084212	-142.921340	0.532407	0.706945	-0.495013	325.574175	31.009836	-147.033798
#Total error							2.314534	1.461299	1.353135	1.179280	185.851058	105.775892	69.451549	136.119649						
