# CoordinateSystem: LOCAL_CS["Local Coordinates (m)",LOCAL_DATUM["Local Datum",0],UNIT["metre",1,AUTHORITY["EPSG","9001"]]]
#Label	X	Y	Z	Yaw	Pitch	Roll	Error_(m)	X_error	Y_error	Z_error	Error_(deg)	Yaw_error	Pitch_error	Roll_error	X_est	Y_est	Z_est	Yaw_est	Pitch_est	Roll_est
frame1.png	-0.171965	-1.334432	-0.242013	0.048382	-1.137400	-79.375797	0.366057	-0.036530	0.248760	0.266048	250.628824	178.975977	2.296222	-175.434132	-0.208496	-1.085672	0.024035	179.024359	1.158822	105.190072
frame3.png	-0.181269	-1.337996	-0.247856	2.252495	-1.572516	-79.086407	0.371931	-0.027227	0.252323	0.271891	249.267951	176.771871	2.731376	-175.723522	-0.208496	-1.085672	0.024035	179.024367	1.158861	105.190071
frame5.png	-0.234280	-1.350516	-0.261367	11.352014	-4.226153	-79.863952	0.392019	0.028426	0.265342	0.287166	238.260178	167.499481	5.663173	-169.351011	-0.205855	-1.085174	0.025799	178.851495	1.437020	110.785037
frame7.png	-0.299299	-1.337657	-0.256754	13.219831	-4.576186	-77.580023	0.397677	0.095006	0.253419	0.291375	233.259175	164.491329	6.642303	-165.252308	-0.204292	-1.084238	0.034620	177.711160	2.066118	117.167670
frame9.png	-0.332850	-1.328655	-0.248169	14.449689	-3.974414	-76.250605	0.399159	0.128659	0.243560	0.288883	231.262562	161.806245	4.234575	-165.176209	-0.204191	-1.085094	0.040714	176.255934	0.260160	118.573185
frame12.png	-0.340185	-1.296177	-0.245299	7.161311	-2.117909	-75.782561	0.381551	0.133211	0.210333	0.289130	239.953208	168.715067	1.382193	-170.619043	-0.206974	-1.085844	0.043831	175.876378	-0.735716	113.598397
frame14.png	-0.343060	-1.277654	-0.252423	3.852874	-1.997567	-76.534261	0.378499	0.134057	0.192271	0.297190	244.451854	172.599557	2.161056	-173.093708	-0.209003	-1.085383	0.044767	176.452431	0.163489	110.372031
frame16.png	-0.328014	-1.253658	-0.252712	-4.355406	-0.631172	-77.184469	0.359880	0.113696	0.169124	0.296621	249.543859	-177.493325	2.318329	175.393507	-0.214318	-1.084534	0.043909	178.151269	1.687158	98.209039
frame18.png	-0.325636	-1.241271	-0.252226	-7.739867	-0.156712	-78.184645	0.353063	0.111318	0.156737	0.296134	247.854858	-174.108874	1.843868	176.393681	-0.214318	-1.084534	0.043909	178.151259	1.687156	98.209036
frame20.png	-0.330346	-1.235245	-0.248035	-8.943877	0.784353	-78.863362	0.348471	0.114853	0.150485	0.292567	245.252964	-171.972492	0.687566	174.854241	-0.215493	-1.084760	0.044531	179.083631	1.471918	95.990878
frame23.png	-0.355672	-1.232139	-0.239366	-4.153527	-0.168817	-78.713684	0.349849	0.139453	0.146425	0.285494	247.633047	-176.346805	1.128163	173.846650	-0.216219	-1.085714	0.046129	179.499668	0.959346	95.132966
frame25.png	-0.374760	-1.231428	-0.235552	0.717874	-0.744841	-77.841306	0.357745	0.159729	0.145200	0.285281	252.349668	178.096100	1.465675	-178.773560	-0.215031	-1.086228	0.049730	178.813974	0.720834	103.385135
frame27.png	-0.398464	-1.247720	-0.236141	9.481016	-3.487431	-78.118178	0.377415	0.183734	0.161019	0.287675	243.155732	168.727354	4.177142	-175.038115	-0.214730	-1.086701	0.051533	178.208370	0.689712	106.843707
frame29.png	-0.429862	-1.264950	-0.245262	19.765031	-5.578819	-79.193593	0.413174	0.219974	0.178746	0.300623	225.396292	158.428866	7.200416	-160.162221	-0.209888	-1.086204	0.055362	178.193897	1.621597	120.644187
frame32.png	-0.361890	-1.208861	-0.229868	2.796663	-1.933440	-78.026560	0.340001	0.146338	0.121975	0.281616	245.187149	175.987900	2.539830	-170.700165	-0.215552	-1.086886	0.051748	178.784563	0.606390	111.273275
frame34.png	-0.345548	-1.215163	-0.233850	7.074199	-3.089942	-77.151402	0.335172	0.126264	0.128447	0.282665	245.969161	171.020249	4.611441	-176.724750	-0.219283	-1.086716	0.048814	178.094448	1.521498	106.123847
frame36.png	-0.310822	-1.222248	-0.243227	9.184431	-3.402369	-78.405137	0.331934	0.093019	0.136255	0.288032	238.490769	168.673725	4.125081	-168.552677	-0.217803	-1.085994	0.044805	177.858156	0.722712	113.042186
frame38.png	-0.288680	-1.223479	-0.244326	8.545179	-3.537483	-78.990203	0.325526	0.070910	0.138246	0.286054	238.486710	170.205383	5.458105	-166.961814	-0.217770	-1.085232	0.041729	178.750562	1.920622	114.047982
frame40.png	-0.264611	-1.219706	-0.239428	6.988870	-3.113556	-79.107011	0.310810	0.045085	0.133831	0.276875	241.524874	172.178058	4.990362	-169.304688	-0.219526	-1.085875	0.037447	179.166927	1.876806	111.588300
frame43.png	-0.235941	-1.212725	-0.231419	5.418420	-2.677648	-78.434519	0.295395	0.015110	0.126147	0.266677	243.526032	173.434990	4.300831	-170.899782	-0.220831	-1.086578	0.035259	178.853410	1.623183	110.665699
frame45.png	-0.221499	-1.209322	-0.231749	4.956201	-2.595587	-78.205553	0.291380	-0.000808	0.122666	0.264301	244.538444	173.520937	4.089996	-172.257967	-0.222306	-1.086657	0.032552	178.477138	1.494409	109.536480
frame47.png	-0.186137	-1.201582	-0.232803	1.821635	-1.525777	-77.966985	0.289760	-0.037104	0.114974	0.263372	248.166778	176.687966	2.563686	-174.245631	-0.223241	-1.086607	0.030569	178.509601	1.037909	107.787384
frame49.png	-0.162168	-1.198783	-0.236405	0.923957	-1.788344	-77.792105	0.293115	-0.062703	0.112722	0.263208	250.260426	177.435238	3.110291	-176.457767	-0.224872	-1.086061	0.026803	178.359194	1.321947	105.750129
frame52.png	-0.137308	-1.209652	-0.238231	7.016832	-2.760909	-76.909942	0.302151	-0.087312	0.123720	0.261468	242.350668	170.466935	3.550875	-172.227355	-0.224620	-1.085932	0.023237	177.483768	0.789966	110.862703
frame54.png	-0.120210	-1.213258	-0.240033	7.455412	-3.260082	-77.123998	0.308446	-0.104329	0.127419	0.260804	240.823750	169.737470	4.252489	-170.784034	-0.224539	-1.085839	0.020772	177.192882	0.992407	112.091969
frame56.png	-0.104964	-1.214748	-0.239860	7.237272	-2.925507	-77.717092	0.313515	-0.119606	0.128944	0.259537	240.555749	170.082235	4.125327	-170.064939	-0.224569	-1.085804	0.019677	177.319508	1.199820	112.217969
frame58.png	-0.081839	-1.213650	-0.240932	6.644286	-2.485541	-77.970697	0.322025	-0.143040	0.127812	0.258657	241.440836	171.318845	3.642840	-170.088978	-0.224879	-1.085838	0.017726	177.963131	1.157299	111.940325
frame60.png	-0.063710	-1.214269	-0.241810	5.945476	-2.781464	-78.267126	0.328111	-0.162425	0.128619	0.254424	243.009549	172.554215	4.280779	-171.056596	-0.226135	-1.085650	0.012614	178.499690	1.499315	110.676278
frame63.png	-0.032750	-1.223229	-0.241460	4.494824	-2.312705	-77.668571	0.346991	-0.193564	0.137525	0.253026	244.696930	173.978839	3.844608	-172.026655	-0.226314	-1.085704	0.011566	178.473663	1.531904	110.304774
frame65.png	-0.013282	-1.224595	-0.254601	3.529513	-2.781972	-77.881356	0.364635	-0.212869	0.140283	0.260702	246.337429	174.542905	4.676225	-173.767189	-0.226151	-1.084312	0.006102	178.072418	1.894253	108.351455
frame67.png	-0.004120	-1.221688	-0.277478	3.464091	-1.663778	-77.868251	0.385471	-0.222031	0.137376	0.283580	246.374345	174.608327	3.558029	-173.780294	-0.226151	-1.084312	0.006102	178.072418	1.894251	108.351455
frame69.png	0.001039	-1.222897	-0.277854	4.206327	-0.699779	-77.059061	0.389363	-0.227399	0.141367	0.282681	246.823312	174.212417	1.581712	-174.840725	-0.226359	-1.081530	0.004827	178.418744	0.881933	108.100214
frame71.png	0.010875	-1.224348	-0.276115	4.866213	-1.890153	-76.339087	0.393970	-0.237201	0.142871	0.280243	246.172153	173.097618	1.464929	-175.030848	-0.226325	-1.081477	0.004128	177.963831	-0.425224	108.630065
frame74.png	-0.004344	-1.224521	-0.269559	9.483659	-3.458035	-75.330525	0.379789	-0.221283	0.142748	0.273673	239.561036	166.684462	3.845235	-172.020331	-0.225627	-1.081774	0.004114	176.168122	0.387200	112.649144
frame76.png	0.003604	-1.173623	-0.254890	6.476882	-2.369033	-74.241549	0.358477	-0.229670	0.091253	0.259673	240.857240	169.154969	2.598151	-171.441115	-0.226066	-1.082371	0.004783	175.631851	0.229118	114.317336
frame78.png	0.011826	-1.150678	-0.250095	5.898451	-2.602732	-75.072894	0.360204	-0.244752	0.067629	0.255478	242.376377	168.982781	2.232430	-173.741601	-0.232926	-1.083049	0.005384	174.881232	-0.370302	111.185505
frame80.png	0.022069	-1.125045	-0.248659	3.910555	-2.289918	-76.627982	0.366571	-0.261534	0.042275	0.253351	245.983232	173.115606	3.282597	-174.722528	-0.239466	-1.082770	0.004691	177.026161	0.992679	108.649490
frame83.png	0.033358	-1.078179	-0.242377	6.438521	-2.452766	-78.730201	0.374357	-0.280607	-0.004977	0.247746	240.604558	172.180527	4.277549	-168.006316	-0.247250	-1.083156	0.005370	178.619048	1.824783	113.263482
frame85.png	0.031842	-1.066549	-0.234723	8.518703	-3.498755	-78.673500	0.368528	-0.279092	-0.016607	0.240093	239.181230	170.100383	5.323538	-168.063026	-0.247250	-1.083156	0.005370	178.619086	1.824783	113.263474
frame87.png	0.016784	-1.068896	-0.233106	9.502002	-3.687520	-79.003035	0.356809	-0.263333	-0.014478	0.240331	237.750222	169.348000	5.615766	-166.777954	-0.246549	-1.083374	0.007225	178.850002	1.928246	114.219012
frame89.png	-0.021398	-1.064200	-0.229792	11.036913	-3.430141	-79.266627	0.330645	-0.224696	-0.019410	0.241788	235.695683	168.173456	4.915813	-165.063558	-0.246094	-1.083610	0.011996	179.210368	1.485671	115.669814
frame91.png	-0.029809	-1.052716	-0.219186	6.982481	-1.546211	-77.691257	0.320253	-0.217669	-0.031999	0.232720	242.075103	171.385770	1.519021	-170.953111	-0.247478	-1.084715	0.013533	178.368251	-0.027190	111.355632
frame94.png	-0.061633	-1.055828	-0.232887	6.854045	-4.010293	-78.131013	0.311886	-0.184186	-0.027165	0.250221	241.358671	171.037266	6.419953	-170.173575	-0.245820	-1.082993	0.017333	177.891311	2.409660	111.695412
frame96.png	-0.101152	-1.063434	-0.234602	11.958111	-4.067803	-79.009913	0.294003	-0.142493	-0.019464	0.256427	234.205790	166.766600	5.798483	-164.339985	-0.243645	-1.082898	0.021825	178.724710	1.730680	116.650102
frame98.png	-0.121442	-1.070057	-0.233372	12.005949	-3.430370	-78.802106	0.285720	-0.120026	-0.012997	0.258961	234.673026	166.407384	4.916502	-165.396009	-0.241469	-1.083053	0.025590	178.413333	1.486132	115.801885
frame100.png	-0.141325	-1.075525	-0.234913	10.535448	-3.950353	-78.714854	0.279801	-0.099665	-0.007526	0.261340	236.224995	167.929843	5.727752	-166.039179	-0.240990	-1.083051	0.026428	178.465291	1.777399	115.245967
frame103.png	-0.178496	-1.069376	-0.232478	7.690991	-2.672897	-78.352686	0.271911	-0.062118	-0.013898	0.264355	241.441411	170.838763	3.502137	-170.574931	-0.240614	-1.083274	0.031877	178.529754	0.829240	111.072383
frame105.png	-0.215103	-1.077835	-0.236926	9.535267	-3.827166	-78.612853	0.273397	-0.023374	-0.004942	0.272351	237.665500	168.862221	5.645411	-167.148345	-0.238477	-1.082777	0.035425	178.397488	1.818245	114.238802
frame107.png	-0.253603	-1.082464	-0.236503	11.663361	-3.602383	-78.995930	0.277028	0.016814	-0.000417	0.276517	234.792029	167.201314	4.937815	-164.762361	-0.236789	-1.082881	0.040014	178.864675	1.335432	116.241709
frame109.png	-0.294177	-1.091721	-0.237217	13.073097	-4.257881	-78.472733	0.286009	0.058870	0.008809	0.279746	232.704196	165.198522	6.100003	-163.778758	-0.235307	-1.082912	0.042529	178.271619	1.842122	117.748509
frame111.png	-0.328462	-1.066336	-0.237718	3.311536	-3.621097	-77.065827	0.298222	0.091972	-0.016818	0.283187	245.381830	174.314271	4.394405	-172.648391	-0.236490	-1.083154	0.045469	177.625807	0.773308	110.285782
frame114.png	-0.411570	-1.045081	-0.233350	3.340230	-4.014546	-76.974253	0.341786	0.174991	-0.036643	0.291296	246.794920	173.516916	7.361124	-175.343738	-0.236579	-1.081724	0.057946	176.857146	3.346578	107.682009
frame116.png	-0.451214	-1.039433	-0.225137	5.949208	-3.251873	-77.428095	0.361753	0.214336	-0.043554	0.288146	243.821385	171.033232	5.150997	-173.695045	-0.236878	-1.082986	0.063009	176.982441	1.899123	108.876860
frame118.png	-0.485554	-1.035632	-0.224326	8.120307	-2.636267	-78.572689	0.390530	0.249812	-0.047698	0.296365	239.610985	171.075562	3.566837	-167.731493	-0.235742	-1.083330	0.072039	179.195869	0.930570	113.695818
frame120.png	-0.513817	-1.029642	-0.221886	10.042094	-2.843476	-79.080905	0.408166	0.278075	-0.053688	0.293925	237.888362	169.153789	3.774044	-167.223280	-0.235742	-1.083330	0.072039	179.195883	0.930568	113.695815
frame122.png	-0.556233	-1.034608	-0.222442	12.057002	-3.798196	-79.080081	0.440717	0.320771	-0.049068	0.298211	235.199185	166.960908	4.958691	-165.584188	-0.235462	-1.083677	0.075769	179.017910	1.160496	115.335731
frame125.png	-0.588563	-1.024630	-0.213680	9.387320	-1.883029	-78.415213	0.467405	0.355919	-0.059587	0.297049	236.663457	169.725278	2.538477	-164.913548	-0.232644	-1.084216	0.083369	179.112598	0.655448	116.671239
frame127.png	-0.574514	-0.995917	-0.208766	6.469300	-2.648721	-77.263983	0.454657	0.337568	-0.088634	0.291385	242.535361	171.784951	2.685269	-171.190307	-0.236945	-1.084551	0.082619	178.254251	0.036548	111.545711
frame129.png	-0.569587	-0.973935	-0.202688	6.685881	-2.938509	-76.911204	0.450091	0.329955	-0.110433	0.285511	242.448722	170.753450	4.044451	-172.070580	-0.239632	-1.084367	0.082823	177.439331	1.105942	111.018217
frame131.png	-0.563626	-0.957763	-0.200028	6.733702	-3.007106	-77.304005	0.445980	0.321108	-0.126702	0.282372	241.625253	170.441516	4.069504	-171.218841	-0.242518	-1.084464	0.082344	177.175218	1.062397	111.477154
frame134.png	-0.565919	-0.946495	-0.201512	10.180482	-3.172789	-78.055569	0.450284	0.320914	-0.137913	0.284165	239.345892	168.142941	4.186326	-170.284709	-0.245005	-1.084408	0.082654	178.323422	1.013538	111.659721
frame136.png	-0.558794	-0.935226	-0.200969	10.647469	-3.558282	-78.153205	0.447991	0.313202	-0.148866	0.283618	236.506177	167.558772	4.445540	-166.851631	-0.245592	-1.084093	0.082648	178.206242	0.887258	114.995164
frame138.png	-0.555995	-0.922775	-0.197623	10.988411	-3.580477	-78.286300	0.445868	0.307022	-0.161388	0.280161	235.499255	167.208526	4.838096	-165.764292	-0.248973	-1.084163	0.082538	178.196937	1.257619	115.949408
frame140.png	-0.542108	-0.924039	-0.196926	18.769767	-4.576622	-78.439104	0.436512	0.294721	-0.160007	0.279427	225.408686	159.145145	5.916723	-159.520816	-0.247387	-1.084046	0.082501	177.914911	1.340102	122.040080
frame142.png	-0.510491	-0.906037	-0.192765	14.608200	-4.325296	-78.483469	0.411319	0.256333	-0.178458	0.267636	234.035597	163.160653	5.387377	-167.696864	-0.254158	-1.084495	0.074871	177.768852	1.062081	113.819667
frame145.png	-0.462661	-0.881277	-0.185678	2.273901	-1.683775	-77.005332	0.389188	0.207191	-0.203268	0.259271	245.703783	175.224996	2.681770	-172.218924	-0.255470	-1.084546	0.073593	177.498896	0.997995	110.775744
frame147.png	-0.444158	-0.875765	-0.185401	-2.931448	-0.425901	-77.622205	0.378703	0.186567	-0.208567	0.255163	253.198449	-178.994715	1.213027	179.077846	-0.257591	-1.084332	0.069762	178.073837	0.787127	101.455641
frame149.png	-0.413660	-0.874718	-0.187332	-8.779879	1.804038	-78.015624	0.365806	0.155637	-0.209569	0.256265	247.739758	-172.982939	-1.076651	177.343541	-0.258023	-1.084287	0.068933	178.237183	0.727387	99.327917
frame151.png	-0.383119	-0.872337	-0.189271	-11.229885	1.762406	-77.838927	0.352790	0.123845	-0.211751	0.253544	241.891343	-170.320149	-1.592254	171.755447	-0.259274	-1.084088	0.064272	178.449966	0.170152	93.916520
frame154.png	-0.338316	-0.889243	-0.190353	-12.633497	2.464177	-76.998842	0.325943	0.079070	-0.195053	0.248879	239.333643	-169.779304	-2.621881	168.667443	-0.259246	-1.084296	0.058526	177.587199	-0.157704	91.668601
frame156.png	-0.303185	-0.909387	-0.193727	-14.266260	2.928150	-77.011963	0.306973	0.044785	-0.175161	0.248084	236.747556	-168.272378	-2.949913	166.508589	-0.258400	-1.084548	0.054357	177.461363	-0.021764	89.496626
frame158.png	-0.263169	-0.930889	-0.198625	-10.829212	2.853725	-76.567874	0.292224	0.006287	-0.153392	0.248648	239.115307	-171.516657	-2.598302	166.587560	-0.256882	-1.084282	0.050023	177.654132	0.255423	90.019686
frame160.png	-0.231984	-0.952794	-0.207814	-7.484801	0.828973	-77.218397	0.284330	-0.022964	-0.130966	0.251324	245.782536	-175.188256	-0.646747	172.388258	-0.254948	-1.083760	0.043510	177.326943	0.182226	95.169861
frame162.png	-0.192169	-0.975869	-0.210935	-7.118755	0.769887	-78.417492	0.278302	-0.060212	-0.108000	0.249324	247.766027	-173.894892	-0.059104	176.489566	-0.252381	-1.083869	0.038389	178.986353	0.710783	98.072074
frame165.png	-0.121398	-0.976353	-0.212727	-21.272543	3.698050	-78.155624	0.296738	-0.132756	-0.107460	0.242655	229.553116	-160.354147	-3.076172	164.230684	-0.254153	-1.083814	0.029928	178.373309	0.621879	86.075060
frame167.png	-0.084866	-0.990437	-0.214109	-26.061081	5.209242	-78.720579	0.307245	-0.169253	-0.093363	0.238823	221.664960	-155.799312	-4.799288	157.603603	-0.254119	-1.083800	0.024714	178.139607	0.409954	78.883025
frame169.png	-0.083663	-0.960692	-0.209664	-15.609115	2.951218	-76.859675	0.314369	-0.171106	-0.122787	0.233397	231.867961	-166.204196	-2.322266	161.658664	-0.254768	-1.083479	0.023734	178.186689	0.628952	84.798989
frame171.png	-0.061971	-0.940171	-0.200487	-13.431065	3.083136	-76.086729	0.331849	-0.201352	-0.144628	0.220598	237.923158	-170.536170	-3.072715	165.877673	-0.263324	-1.084799	0.020111	176.032765	0.010420	89.790944
frame174.png	-0.012280	-0.889104	-0.186579	-16.248357	2.796852	-75.940474	0.380088	-0.252771	-0.195804	0.205510	235.928535	-167.843696	-2.242507	165.788234	-0.265051	-1.084908	0.018931	175.907946	0.554344	89.847759
frame176.png	0.014996	-0.854212	-0.180000	-16.970317	2.434749	-76.571913	0.418462	-0.290364	-0.230693	0.193855	233.061426	-165.464817	-1.213347	164.126629	-0.275368	-1.084906	0.013854	177.564865	1.221402	87.554716
frame178.png	0.027819	-0.839386	-0.179230	-16.333237	2.285036	-78.183972	0.435297	-0.303187	-0.245519	0.193085	234.649276	-166.101896	-1.063633	165.738684	-0.275368	-1.084906	0.013854	177.564867	1.221403	87.554712
frame180.png	0.051060	-0.829218	-0.178555	-16.056643	2.502384	-79.465992	0.457701	-0.328240	-0.255212	0.191352	234.978806	-164.765244	-1.530948	167.526445	-0.277180	-1.084429	0.012797	179.178114	0.971436	88.060453
frame182.png	-0.002404	-0.817798	-0.174168	-11.180447	2.336037	-79.090722	0.429168	-0.276971	-0.266886	0.190379	237.975555	-169.198899	-2.237182	167.329293	-0.279375	-1.084684	0.016212	179.620655	0.098854	88.238571
frame185.png	-0.029346	-0.830831	-0.171739	-2.166526	-0.283208	-78.641752	0.403052	-0.246657	-0.254588	0.191823	252.322908	-178.576198	0.733672	178.260633	-0.276004	-1.085419	0.020084	179.257276	0.450465	99.618881
frame187.png	-0.047525	-0.845851	-0.176831	1.956841	-2.120990	-78.495393	0.385179	-0.227533	-0.239599	0.197948	250.437860	177.139026	3.406002	-177.000809	-0.275058	-1.085449	0.021117	179.095867	1.285012	104.503799
frame189.png	-0.077367	-0.856450	-0.183474	1.464677	-1.338042	-78.461079	0.364849	-0.194488	-0.228202	0.207878	249.755710	177.061232	3.078276	-176.118593	-0.271855	-1.084653	0.024404	178.525910	1.740234	105.420328
frame191.png	-0.080218	-0.840423	-0.182298	-6.424024	0.252301	-77.841924	0.375449	-0.193001	-0.243651	0.210587	246.885289	-175.329742	0.655552	173.814262	-0.273219	-1.084074	0.028289	178.246234	0.907853	95.972338
frame193.png	-0.102063	-0.832298	-0.184138	-8.558702	1.048980	-77.957421	0.371229	-0.171156	-0.251776	0.212427	245.454910	-173.195069	-0.141129	173.929758	-0.273219	-1.084074	0.028289	178.246229	0.907851	95.972338
frame196.png	-0.190682	-0.832631	-0.184372	-2.024675	-0.335648	-78.416334	0.348267	-0.079575	-0.251764	0.227097	252.447506	-179.508337	1.034651	-177.497689	-0.270257	-1.084395	0.042725	178.466989	0.699003	104.085978
frame198.png	-0.225159	-0.826468	-0.176380	1.632763	-1.471143	-77.720165	0.341419	-0.045098	-0.257927	0.219106	251.053991	176.834234	2.170150	-178.193856	-0.270257	-1.084395	0.042725	178.466998	0.699007	104.085979
frame200.png	-0.246978	-0.817771	-0.176347	2.535487	-2.062214	-77.711795	0.348233	-0.023332	-0.266727	0.222662	248.024155	175.412101	3.165476	-175.318442	-0.270310	-1.084498	0.046316	177.947588	1.103261	106.969763
frame202.png	-0.258827	-0.810530	-0.174882	2.164332	-1.919607	-78.075384	0.353598	-0.012071	-0.273802	0.223424	248.148168	176.006844	3.351119	-174.893894	-0.270898	-1.084332	0.048542	178.171177	1.431512	107.030721
frame205.png	-0.273425	-0.796330	-0.170504	-0.958472	-1.221918	-78.085854	0.363295	0.000984	-0.288235	0.221139	252.924912	179.380590	2.586084	-178.288886	-0.272441	-1.084565	0.050636	178.422118	1.364166	103.625260
frame207.png	-0.291077	-0.791243	-0.169019	-0.053200	-1.290543	-78.281427	0.368285	0.018322	-0.293452	0.221776	252.124499	178.636089	2.709665	-177.900446	-0.272755	-1.084695	0.052757	178.582889	1.419122	103.818127
frame209.png	-0.316462	-0.797769	-0.172946	3.214161	-1.984019	-78.476601	0.368983	0.043853	-0.286943	0.227792	249.109280	175.526150	3.139099	-176.737518	-0.272609	-1.084712	0.054846	178.740311	1.155081	104.785881
frame211.png	-0.339859	-0.803668	-0.172701	4.553212	-2.026940	-79.202934	0.370998	0.068465	-0.280824	0.232572	248.359594	173.713439	3.081780	-177.472904	-0.271394	-1.084492	0.059871	178.266652	1.054839	103.324162
frame213.png	-0.345681	-0.784823	-0.168625	-3.879187	-0.388917	-77.035393	0.383836	0.075788	-0.299464	0.227832	248.015614	-176.736564	1.629640	-173.992172	-0.269893	-1.084288	0.059207	179.384249	1.240723	108.972435
frame216.png	-0.389110	-0.796353	-0.175326	-2.198886	-0.681183	-78.380669	0.393814	0.119854	-0.287540	0.240925	253.506400	-178.980683	1.759132	-179.522465	-0.269255	-1.083893	0.065600	178.820431	1.077949	102.096866
frame218.png	-0.415920	-0.797223	-0.173052	-0.531955	-0.460495	-78.478855	0.400805	0.146665	-0.286670	0.238651	253.698087	179.352391	1.538443	-179.424280	-0.269255	-1.083893	0.065600	178.820436	1.077948	102.096865
frame220.png	-0.436232	-0.795901	-0.169801	0.649396	-1.350156	-77.898786	0.410240	0.167846	-0.288323	0.238735	252.336585	178.381105	1.919165	-178.466383	-0.268387	-1.084224	0.068934	179.030501	0.569009	103.634831
frame222.png	-0.453681	-0.793261	-0.171504	2.018035	-1.804869	-77.597703	0.422356	0.185669	-0.291353	0.242952	250.145491	176.307540	2.824679	-177.427278	-0.268013	-1.084614	0.071448	178.325575	1.019810	104.975019
frame225.png	-0.480045	-0.781360	-0.168865	-1.797437	-0.417339	-77.292064	0.443674	0.212791	-0.303037	0.244408	250.943023	179.910510	1.578250	-174.934611	-0.267254	-1.084397	0.075543	178.113073	1.160911	107.773326
frame227.png	-0.487501	-0.775453	-0.169631	-6.824517	0.722148	-77.297572	0.451879	0.218946	-0.308971	0.246565	251.154641	-175.260725	-0.267936	179.895136	-0.268555	-1.084423	0.076933	177.914757	0.454212	102.597563
frame229.png	-0.499131	-0.778423	-0.182761	-7.315580	0.543886	-77.628800	0.463291	0.230123	-0.305784	0.261109	247.287742	-174.785580	-0.055853	174.932059	-0.269007	-1.084207	0.078349	177.898840	0.488033	97.303259
frame231.png	-0.512412	-0.779743	-0.199434	-6.288923	0.627614	-77.518155	0.478773	0.245301	-0.300731	0.280377	248.286337	-175.660332	-0.142463	175.469463	-0.267111	-1.080474	0.080943	178.050745	0.485151	97.951308
frame233.png	-0.548603	-0.804590	-0.200106	0.454282	-1.122093	-76.262878	0.484085	0.281492	-0.275884	0.281049	248.784418	177.596502	1.607251	174.214195	-0.267111	-1.080474	0.080943	178.050784	0.485158	97.951317
frame236.png	-0.566325	-0.864821	-0.210543	2.294295	-0.817313	-74.101240	0.480947	0.311575	-0.216275	0.295731	249.022185	172.645612	-0.050979	-179.459017	-0.254751	-1.081095	0.085188	174.939907	-0.868292	106.439743
frame238.png	-0.551701	-0.917184	-0.222951	-1.853113	-0.670376	-74.012367	0.459668	0.301680	-0.163727	0.305739	250.044990	176.392347	0.404941	177.223229	-0.250020	-1.080911	0.082788	174.539234	-0.265434	103.210862
frame240.png	-0.548086	-0.935835	-0.230875	-3.252356	-0.803158	-75.297301	0.457821	0.302835	-0.144143	0.311630	251.635659	-179.948188	1.832970	175.885743	-0.245251	-1.079978	0.080754	176.799455	1.029812	100.588443
frame242.png	-0.549210	-0.950344	-0.237059	-4.010523	-0.569187	-77.266402	0.458477	0.303959	-0.129635	0.317813	252.475671	-179.190025	1.599000	177.854836	-0.245251	-1.079978	0.080754	176.799452	1.029813	100.588434
frame244.png	-0.550208	-0.963431	-0.232052	-3.899091	-0.551069	-78.598624	0.453123	0.306623	-0.116462	0.312632	252.040825	-177.679545	1.727280	178.750031	-0.243585	-1.079893	0.080581	178.421364	1.176212	100.151407
frame247.png	-0.559715	-0.979553	-0.199596	-3.206545	0.276144	-76.842906	0.436241	0.318076	-0.103451	0.280057	251.749970	-178.437114	1.650423	177.582431	-0.241639	-1.083004	0.080460	178.356340	1.926567	100.739525
frame249.png	-0.560734	-0.987601	-0.184670	-2.801099	-1.565296	-75.418361	0.427605	0.319926	-0.098555	0.266045	252.063489	179.779669	1.718113	176.670091	-0.240808	-1.086156	0.081375	176.978570	0.152816	101.251730
frame251.png	-0.562664	-1.002191	-0.159704	-2.448790	-1.959332	-76.601639	0.411630	0.322747	-0.086286	0.240475	252.685200	178.603536	4.981856	178.677833	-0.239917	-1.088478	0.080772	176.154747	3.022523	102.076194
frame253.png	-0.569544	-1.013869	-0.148471	-1.749900	0.250584	-78.858884	0.410620	0.331047	-0.077859	0.230119	253.785000	-179.854997	0.094653	-179.050265	-0.238497	-1.091727	0.081648	178.395104	0.345237	102.090851
frame256.png	-0.574578	-1.023767	-0.122426	-1.096201	0.363979	-77.789102	0.401257	0.337340	-0.071712	0.205102	254.149384	-179.737707	-2.553829	-179.665645	-0.237238	-1.095480	0.082675	179.166092	-2.189850	102.545253
frame258.png	-0.572823	-1.032088	-0.128294	-1.363780	-1.623831	-79.768113	0.401592	0.336361	-0.063211	0.210100	252.110711	-179.404012	2.832164	-177.104460	-0.236462	-1.095299	0.081806	179.232208	1.208333	103.127427
frame260.png	-0.571152	-1.040043	-0.132421	-1.629139	-1.775756	-81.486502	0.402211	0.336372	-0.054623	0.213643	249.296864	-176.678994	4.255440	-175.827616	-0.234780	-1.094666	0.081222	181.691867	2.479685	102.685883
frame262.png	-0.553795	-1.048116	-0.129916	-6.078953	0.079357	-80.622667	0.385575	0.319215	-0.046797	0.211139	246.986115	-172.306957	2.181047	-176.939811	-0.234580	-1.094914	0.081224	181.614090	2.260403	102.437522
frame264.png	-0.527529	-1.058148	-0.132783	-9.255864	-0.008367	-79.816818	0.362095	0.293138	-0.036952	0.209327	244.812045	-170.064126	1.222148	176.095533	-0.234391	-1.095100	0.076544	180.680010	1.213781	96.278715
frame267.png	-0.516977	-1.076505	-0.140972	-6.651573	-0.002250	-78.341785	0.356363	0.283497	-0.018153	0.215162	245.861873	-173.815491	1.627394	173.878081	-0.233480	-1.094658	0.074191	179.532935	1.625143	95.536296
frame269.png	-0.515069	-1.083158	-0.146611	-7.194557	0.140482	-78.666350	0.358481	0.283091	-0.010947	0.219654	247.907021	-174.117157	0.948877	176.465879	-0.231977	-1.094105	0.073044	178.688286	1.089359	97.799529
frame271.png	-0.482867	-1.080399	-0.154345	-12.643206	2.388063	-78.132608	0.338849	0.251792	-0.012872	0.226394	243.336063	-168.467279	-1.354168	175.582976	-0.231075	-1.093271	0.072049	178.889514	1.033895	97.450368
frame273.png	-0.454779	-1.082061	-0.159031	-15.885927	3.079272	-77.944410	0.319281	0.222644	-0.011057	0.228578	236.660390	-165.466459	-2.915766	169.175912	-0.232135	-1.093119	0.069547	178.647614	0.163506	91.231503
frame276.png	-0.444915	-1.101823	-0.157314	-8.499832	1.246608	-76.549723	0.307878	0.212524	0.009160	0.222573	239.001264	-173.235178	-0.851508	164.652520	-0.232390	-1.092663	0.065259	178.264990	0.395100	88.102797
frame278.png	-0.404017	-1.110069	-0.166866	-9.162640	1.593904	-76.008221	0.288542	0.172821	0.017383	0.230407	244.371885	-173.814757	-1.471568	171.766943	-0.231196	-1.092686	0.063541	177.022603	0.122336	95.758722
frame280.png	-0.374897	-1.109676	-0.172445	-11.197439	1.018389	-76.415223	0.270164	0.143457	0.017454	0.228263	240.957084	-171.579496	0.209682	169.176679	-0.231440	-1.092222	0.055818	177.223065	1.228070	92.761456
frame282.png	-0.353893	-1.111817	-0.170613	-13.221843	1.808580	-77.053983	0.258166	0.122453	0.019594	0.226431	239.971979	-169.555095	-0.580512	169.815439	-0.231440	-1.092222	0.055818	177.223062	1.228068	92.761456
frame284.png	-0.325340	-1.114290	-0.169811	-18.507436	3.447567	-77.941923	0.242839	0.093451	0.021806	0.223075	234.968457	-163.697156	-2.509413	168.544117	-0.231889	-1.092484	0.053264	177.795407	0.938154	90.602195
frame287.png	-0.318773	-1.124087	-0.172296	-17.209791	2.450067	-78.361001	0.238730	0.085864	0.031588	0.220504	229.901075	-164.238972	-1.767250	160.863114	-0.232909	-1.092499	0.048208	178.551237	0.682818	82.502113
frame289.png	-0.345473	-1.134561	-0.177214	-7.833607	0.941118	-77.315559	0.256456	0.113834	0.042420	0.225859	238.571282	-173.369611	0.220711	163.887724	-0.231639	-1.092141	0.048645	178.796782	1.161829	86.572164
frame291.png	-0.353125	-1.146894	-0.172271	-4.564019	0.349227	-77.040855	0.261545	0.123991	0.054683	0.223701	247.716268	-177.236450	0.280506	173.062161	-0.229134	-1.092212	0.051430	178.199531	0.629733	96.021306
frame293.png	-0.352316	-1.171802	-0.172897	-2.403997	-0.544173	-77.237871	0.268952	0.124353	0.079258	0.224922	252.005208	-179.819400	0.956195	176.552241	-0.227963	-1.092544	0.052025	177.776602	0.412023	99.314370
frame296.png	-0.309536	-1.148437	-0.175090	-5.350217	0.172848	-76.785698	0.246288	0.084733	0.056325	0.224290	251.892082	-177.027142	0.865201	179.193368	-0.224804	-1.092112	0.049199	177.622641	1.038049	102.407671
frame298.png	-0.288329	-1.129518	-0.170596	-5.806015	0.155195	-76.413472	0.227882	0.059809	0.037223	0.216720	248.836660	-176.713345	0.557750	175.190656	-0.228519	-1.092295	0.046124	177.480640	0.712946	98.777183
frame300.png	-0.265253	-1.105858	-0.162767	-4.854183	0.559482	-76.514626	0.208955	0.032237	0.013157	0.206033	249.649865	-177.695599	-0.130587	175.354819	-0.233016	-1.092701	0.043266	177.450218	0.428895	98.840193
frame302.png	-0.239899	-1.090655	-0.159059	-4.338490	-0.090566	-76.606485	0.201046	0.004609	-0.002245	0.200981	250.439770	-178.367513	0.279558	175.798266	-0.235290	-1.092900	0.041922	177.293997	0.188993	99.191781
frame304.png	-0.221417	-1.080141	-0.158485	-4.117585	-0.616490	-77.427038	0.198884	-0.016546	-0.012844	0.197778	251.622835	-178.589587	1.334058	177.251321	-0.237963	-1.092985	0.039293	177.292828	0.717568	99.824283
frame307.png	-0.188421	-1.072903	-0.153500	-4.436694	0.124549	-78.731994	0.197918	-0.052123	-0.019958	0.189886	251.573257	-176.974729	1.295577	178.794213	-0.240545	-1.092861	0.036386	178.588577	1.420126	100.062219
frame309.png	-0.156318	-1.069273	-0.152354	-5.519111	-0.090799	-78.730976	0.205945	-0.085473	-0.024090	0.185815	249.960734	-175.070261	0.976734	178.409131	-0.241791	-1.093363	0.033461	179.410628	0.885935	99.678156
frame311.png	-0.133613	-1.065577	-0.149633	-6.679846	-0.196547	-78.903378	0.211955	-0.109609	-0.027893	0.179256	248.595057	-173.960059	1.504877	177.581349	-0.243222	-1.093470	0.029623	179.360095	1.308330	98.677972
frame313.png	-0.117220	-1.066387	-0.145449	-6.667091	0.232973	-78.862137	0.216053	-0.127186	-0.027328	0.172498	247.679928	-173.858772	1.439027	176.398423	-0.244407	-1.093715	0.027049	179.474137	1.672000	97.536286
frame315.png	-0.100436	-1.071264	-0.145775	-6.102422	0.330963	-78.399557	0.223879	-0.144242	-0.023123	0.169651	248.382982	-174.748065	0.590474	176.513090	-0.244678	-1.094387	0.023875	179.149513	0.921438	98.113533
frame318.png	-0.067908	-1.082122	-0.147532	-6.507109	0.766700	-78.465234	0.245206	-0.177020	-0.012149	0.169240	247.686925	-174.352441	0.376005	175.925830	-0.244928	-1.094271	0.021708	179.140450	1.142705	97.460596
frame320.png	-0.035240	-1.089414	-0.156071	-7.156281	0.116501	-78.165620	0.269624	-0.209032	-0.004119	0.170252	247.005520	-174.069476	1.266517	175.242519	-0.244272	-1.093534	0.014182	178.774243	1.383018	97.076898
frame322.png	-0.009629	-1.092263	-0.160333	-9.474487	0.227310	-78.077085	0.293499	-0.234574	-0.001632	0.176392	245.804650	-171.773569	0.838036	175.821116	-0.244202	-1.093895	0.016059	178.751944	1.065347	97.744031
frame324.png	0.002307	-1.119837	-0.167175	-5.581296	-0.335494	-77.994893	0.301742	-0.243732	0.027055	0.175815	249.308300	-175.861474	1.810869	176.703400	-0.241425	-1.092782	0.008640	178.557231	1.475375	98.708506
frame327.png	0.003017	-1.140220	-0.170569	-2.951776	-0.503511	-78.058871	0.305732	-0.243231	0.047492	0.179041	252.478696	-178.567801	1.938179	178.480463	-0.240214	-1.092728	0.008472	178.480422	1.434668	100.421593
frame329.png	0.011750	-1.147084	-0.171801	-3.748627	-0.161510	-78.057526	0.311818	-0.249994	0.054127	0.178336	251.780009	-177.512952	1.110062	178.552772	-0.238244	-1.092957	0.006535	178.738421	0.948552	100.495246
frame331.png	0.020431	-1.153662	-0.171545	-4.006133	-0.019656	-78.116982	0.319860	-0.258675	0.060705	0.178080	251.640140	-177.255448	0.968207	178.612230	-0.238244	-1.092957	0.006535	178.738419	0.948552	100.495248
frame333.png	0.029748	-1.158827	-0.172724	-5.352754	-0.094083	-78.191883	0.327947	-0.267454	0.065677	0.178056	250.491232	-175.841282	0.977523	178.394914	-0.237707	-1.093149	0.005332	178.805964	0.883440	100.203031
frame335.png	0.037430	-1.162983	-0.165609	-6.863805	0.945704	-77.414798	0.330340	-0.274784	0.069788	0.169553	247.948291	-174.285366	0.297755	176.360080	-0.237354	-1.093195	0.003943	178.850830	1.243459	98.945282
frame338.png	0.034785	-1.175147	-0.143585	-6.669525	2.311701	-77.015060	0.319163	-0.272086	0.079672	0.146583	247.276909	-175.996544	-3.305592	173.666806	-0.237301	-1.095474	0.002997	177.333931	-0.993891	96.651746
frame340.png	0.031874	-1.193140	-0.117940	-5.641864	1.011167	-77.802680	0.309384	-0.268089	0.095970	0.120981	248.491191	-176.418702	-1.998984	174.986620	-0.236215	-1.097169	0.003041	177.939433	-0.987817	97.183940
frame342.png	0.035217	-1.199560	-0.109897	-6.341097	0.114513	-77.282420	0.308660	-0.269705	0.098780	0.113016	248.007624	-175.033129	0.039395	175.701974	-0.234488	-1.100780	0.003119	178.625774	0.153908	98.419553
frame344.png	0.046224	-1.201864	-0.108751	-8.457321	-2.109142	-76.895273	0.317128	-0.280309	0.099688	0.109816	245.792104	-174.178950	5.775993	173.326541	-0.234085	-1.102176	0.001064	177.363729	3.666852	96.431268
frame347.png	0.046371	-1.213966	-0.102738	-8.573265	0.388915	-78.026858	0.318999	-0.280295	0.111872	0.103343	245.211523	-173.344474	2.713592	173.415745	-0.233924	-1.102094	0.000605	178.082262	3.102507	95.388887
frame349.png	0.004679	-1.213185	-0.104026	-8.796709	-0.028546	-79.299451	0.282998	-0.236282	0.110203	0.110064	244.748698	-171.293136	1.965442	174.804817	-0.231602	-1.102983	0.006037	179.910155	1.936897	95.505366
frame351.png	-0.011660	-1.209681	-0.095906	-9.991916	1.141512	-78.547448	0.264861	-0.219942	0.106698	0.101943	243.368694	-170.097936	0.795372	174.052810	-0.231602	-1.102983	0.006037	179.910149	1.936884	95.505363
frame353.png	-0.020314	-1.208411	-0.074956	-11.119705	1.714942	-76.580202	0.250046	-0.211396	0.104499	0.083156	240.681715	-169.652688	-0.757522	170.719300	-0.231710	-1.103912	0.008200	179.227607	0.957420	94.139099
frame355.png	-0.024614	-1.208615	-0.073731	-12.302849	1.464575	-76.922550	0.245775	-0.207514	0.102179	0.083081	240.654691	-170.434458	-0.938959	169.899660	-0.232129	-1.106436	0.009350	177.262694	0.525616	92.977110
frame358.png	-0.051939	-1.207453	-0.084381	-11.152279	1.065070	-78.614534	0.227866	-0.181003	0.101313	0.094322	239.637467	-170.578422	0.186531	168.312456	-0.232941	-1.106139	0.009941	178.269299	1.251601	89.697922
frame360.png	-0.069894	-1.213571	-0.084965	-8.251679	1.163396	-78.988927	0.217624	-0.161250	0.108303	0.098127	243.625878	-172.491426	0.092385	172.047284	-0.231144	-1.105268	0.013162	179.256896	1.255781	93.058357
frame362.png	-0.075134	-1.198799	-0.079325	-8.277439	1.206406	-79.020904	0.204026	-0.154602	0.093545	0.094731	245.240500	-172.018012	-0.579016	174.792365	-0.229736	-1.105254	0.015407	179.704548	0.627390	95.771461
frame364.png	-0.063420	-1.135952	-0.063736	-11.227478	1.668199	-77.993486	0.193609	-0.173456	0.030129	0.080559	241.809407	-169.746386	-1.163872	172.210915	-0.236876	-1.105822	0.016823	179.026136	0.504327	94.217429
frame366.png	-0.056831	-1.106341	-0.052604	-12.375878	1.144353	-77.438407	0.195799	-0.183054	0.000168	0.069488	239.864826	-168.956754	-0.511297	170.260062	-0.239884	-1.106173	0.016883	178.667368	0.633056	92.821655
frame369.png	-0.070172	-1.055950	-0.038724	-6.157375	0.369890	-77.540712	0.194365	-0.178110	-0.051201	0.058592	248.003565	-175.648754	0.784203	175.079035	-0.248283	-1.107150	0.019869	178.193871	1.154093	97.538323
frame371.png	-0.062032	-1.035611	-0.035720	-6.385855	0.238791	-78.251654	0.208739	-0.187900	-0.071741	0.055847	248.614446	-175.349832	0.571561	176.242029	-0.249931	-1.107352	0.020127	178.264313	0.810352	97.990375
frame373.png	-0.054284	-1.012713	-0.034699	-10.949015	0.356331	-78.489773	0.226443	-0.198433	-0.094560	0.054397	244.975284	-170.107506	0.714508	176.283339	-0.252718	-1.107273	0.019699	178.943479	1.070839	97.793567
frame375.png	-0.053208	-0.989400	-0.025722	-14.667608	1.880052	-78.614203	0.237005	-0.200686	-0.117758	0.045050	241.882783	-165.906720	-0.433512	176.017195	-0.253894	-1.107157	0.019328	179.425672	1.446540	97.402992
frame378.png	-0.069330	-0.977480	-0.025836	-14.536552	2.130317	-79.298828	0.234311	-0.189624	-0.129738	0.045960	236.966228	-166.414259	-0.995480	168.695870	-0.258954	-1.107217	0.020123	179.049189	1.134836	89.397042
frame380.png	-0.083678	-0.972220	-0.022549	-12.011691	1.519470	-79.161950	0.225946	-0.175788	-0.134940	0.044062	238.288912	-168.340840	-0.577650	168.649440	-0.259466	-1.107160	0.021513	179.647469	0.941821	89.487489
frame382.png	-0.119884	-0.984640	-0.025721	-3.154940	-0.536242	-78.955807	0.192686	-0.140391	-0.122602	0.048858	244.938186	-176.990945	1.403358	169.313174	-0.260275	-1.107243	0.023136	179.854115	0.867117	90.357367
frame384.png	-0.130150	-0.987352	-0.023767	-1.950652	-0.596692	-78.220556	0.182374	-0.126820	-0.119951	0.052808	252.491834	-178.653363	1.777779	-178.415082	-0.256970	-1.107303	0.029041	179.395985	1.181088	103.364362
frame386.png	-0.128030	-0.988189	-0.027980	-5.459956	-0.292261	-78.004634	0.184567	-0.128940	-0.119115	0.057020	250.173241	-175.144066	1.473350	-178.631004	-0.256970	-1.107303	0.029041	179.395977	1.181089	103.364362
frame389.png	-0.185200	-0.990804	-0.035773	0.444882	-1.229252	-79.282388	0.151150	-0.069402	-0.114994	0.069326	251.912893	179.224968	3.371879	-176.994766	-0.254602	-1.105798	0.033553	179.669850	2.142627	103.722846
frame391.png	-0.218934	-0.976982	-0.021937	-2.876355	-0.723054	-77.219595	0.145824	-0.035484	-0.129160	0.057647	251.212965	-177.278710	2.074352	-177.977273	-0.254418	-1.106143	0.035710	179.844935	1.351298	104.803131
frame393.png	-0.238460	-0.974691	-0.021866	-4.707436	-0.113457	-77.496439	0.148600	-0.016808	-0.132617	0.064901	250.446325	-177.158500	1.016245	177.023148	-0.255268	-1.107308	0.043035	178.134064	0.902788	99.526709
frame395.png	-0.264022	-0.982814	-0.028206	-3.638578	-0.470509	-78.207892	0.143704	0.008754	-0.124495	0.071241	251.707101	-178.227356	1.373299	177.734600	-0.255268	-1.107308	0.043035	178.134066	0.902790	99.526708
frame398.png	-0.300576	-0.959995	-0.026838	-4.742386	-0.635898	-77.574582	0.171931	0.045479	-0.146358	0.077919	250.508692	-177.113811	2.055715	177.147049	-0.255098	-1.106353	0.051081	178.143804	1.419817	99.572467
frame400.png	-0.318752	-0.945581	-0.020264	-6.199800	0.529823	-76.535526	0.187055	0.063654	-0.160772	0.071346	248.736786	-175.656399	0.889987	176.107996	-0.255098	-1.106353	0.051081	178.143801	1.419810	99.572470
frame402.png	-0.337990	-0.933484	-0.013834	-7.128466	0.825247	-75.982522	0.204562	0.080784	-0.173808	0.071488	247.069806	-176.043930	-0.025368	173.355194	-0.257206	-1.107291	0.057654	176.827604	0.799879	97.372672
frame404.png	-0.360943	-0.937367	-0.017706	-5.991047	-0.127846	-76.705598	0.212873	0.103737	-0.169925	0.075360	248.389478	-177.181345	0.927733	174.078267	-0.257206	-1.107291	0.057654	176.827608	0.799887	97.372669
frame406.png	-0.381205	-0.938346	-0.020911	-4.267075	-0.240466	-78.039075	0.225203	0.125315	-0.168462	0.081444	250.606463	-177.686033	1.214943	176.719543	-0.255891	-1.106807	0.060533	178.046891	0.974477	98.680468
frame409.png	-0.410539	-0.940431	-0.020985	0.046428	-1.318516	-78.681994	0.243212	0.155974	-0.166089	0.085078	252.725097	179.179210	2.486180	-178.209439	-0.254565	-1.106520	0.064093	179.225638	1.167665	103.108567
frame411.png	-0.420390	-0.937835	-0.016406	0.333336	-1.592305	-78.316635	0.250979	0.166171	-0.169079	0.082402	251.297236	178.770769	2.944091	-176.586085	-0.254218	-1.106913	0.065997	179.104105	1.351786	105.097280
frame413.png	-0.439418	-0.927768	-0.012605	-2.788344	-0.793989	-77.050894	0.269728	0.184405	-0.179554	0.080675	253.602642	-179.246326	2.245077	179.387887	-0.255014	-1.107322	0.068069	177.965329	1.451089	102.336993
frame415.png	-0.455320	-0.919131	-0.009204	-3.587667	-0.178490	-76.883878	0.286162	0.200013	-0.188589	0.079483	252.072586	-178.790754	0.829019	177.690089	-0.255307	-1.107720	0.070279	177.621579	0.650530	100.806210
frame417.png	-0.476152	-0.908741	-0.006841	-4.147948	0.156084	-76.944023	0.307330	0.219585	-0.199081	0.081248	250.941106	-178.074007	0.279585	176.807830	-0.256567	-1.107822	0.074407	177.778045	0.435668	99.863807
frame420.png	-0.504734	-0.914218	-0.009171	-3.125361	-0.584868	-78.092038	0.326901	0.249215	-0.193359	0.085841	252.767867	-178.489349	1.385870	178.972697	-0.255519	-1.107577	0.076670	178.385290	0.801002	100.880659
frame422.png	-0.517312	-0.913756	-0.015084	-1.343972	-1.023771	-78.307482	0.339304	0.262237	-0.193411	0.094608	253.485953	-179.561154	2.470805	-178.904487	-0.255075	-1.107167	0.079525	179.094873	1.447034	102.788030
frame424.png	-0.532433	-0.909606	-0.011214	-0.378717	-1.273024	-78.303060	0.352735	0.277464	-0.197583	0.091632	252.984199	179.436909	2.696014	-178.314701	-0.254969	-1.107190	0.080418	179.058191	1.422991	103.382239
frame426.png	-0.541276	-0.912908	0.000914	0.637215	-0.798162	-76.874664	0.355911	0.286477	-0.195059	0.080968	252.256692	177.875340	1.691760	-178.860113	-0.254799	-1.107967	0.081882	178.512555	0.893597	104.265223
frame429.png	-0.557054	-0.908791	0.031289	0.915678	-0.573535	-74.115724	0.367227	0.302241	-0.201866	0.052503	250.594433	175.362613	-0.028974	179.012633	-0.254813	-1.110657	0.083792	176.278291	-0.602509	104.896909
frame431.png	-0.554016	-0.912692	0.020261	0.205903	-1.609336	-76.176746	0.364836	0.299132	-0.198777	0.064134	251.890401	176.749139	2.775525	-179.445849	-0.254884	-1.111469	0.084395	176.955042	1.166189	104.377406
frame433.png	-0.559375	-0.913511	0.009262	-0.580820	-2.133145	-79.109573	0.370874	0.304491	-0.197958	0.075133	250.373131	177.535842	3.299371	-176.513012	-0.254884	-1.111469	0.084395	176.955022	1.166226	104.377415
frame435.png	-0.560208	-0.916720	0.007436	-0.994734	-1.563509	-79.875512	0.370247	0.306233	-0.193390	0.076841	251.505274	-179.376535	3.848776	-176.250244	-0.253975	-1.110110	0.084277	179.628731	2.285266	103.874244
frame437.png	-0.563470	-0.921936	0.024918	-0.844872	-0.624252	-79.529631	0.367322	0.309939	-0.187961	0.059448	251.654518	-178.700177	2.622451	-177.170443	-0.253531	-1.109897	0.084365	180.454951	1.998199	103.299926
frame440.png	-0.562751	-0.946764	0.113993	-0.839788	-0.841190	-79.692700	0.354335	0.310036	-0.169038	-0.029282	251.183107	-178.229153	1.917789	-176.984870	-0.252715	-1.115802	0.084711	180.931059	1.076599	103.322430
frame442.png	-0.554129	-0.951667	0.110693	-3.895429	-0.559168	-77.766408	0.348854	0.302423	-0.171775	-0.027079	251.377258	-177.575513	1.708737	177.917237	-0.251706	-1.123441	0.083614	178.529058	1.149569	100.150829
frame444.png	-0.556787	-0.938252	0.095850	-4.993198	-0.559299	-77.372568	0.357098	0.305080	-0.185189	-0.012236	250.323536	-176.477748	1.708868	177.523399	-0.251706	-1.123441	0.083614	178.529054	1.149570	100.150831
frame446.png	-0.554421	-0.946568	0.095542	-3.564502	-0.467404	-77.114604	0.350466	0.302752	-0.176098	-0.012529	250.663783	-177.761123	1.868102	176.719624	-0.251670	-1.122666	0.083013	178.674374	1.400698	99.605020
frame449.png	-0.487249	-0.934038	0.106802	2.719603	-1.013421	-75.796207	0.303360	0.235810	-0.188966	-0.026698	251.131060	175.144053	0.445577	179.975474	-0.251439	-1.123004	0.080104	177.863657	-0.567844	104.179267
frame451.png	-0.443627	-0.912284	0.117061	-0.539610	-0.878022	-75.489098	0.285766	0.188224	-0.211038	-0.041191	251.365543	177.621477	0.617007	-177.861931	-0.255403	-1.123322	0.075870	177.081867	-0.261015	106.648971
frame453.png	-0.420398	-0.898191	0.116637	-1.579355	-1.192129	-76.097465	0.280579	0.160723	-0.225461	-0.045388	252.888264	178.067624	1.537190	179.560666	-0.259675	-1.123653	0.071249	176.488269	0.345061	103.463201
frame455.png	-0.399195	-0.889282	0.112596	-2.274028	-1.176595	-76.777701	0.274879	0.137147	-0.234054	-0.044363	253.739461	179.278504	2.162267	179.550151	-0.262049	-1.123336	0.068233	177.004476	0.985672	102.772450
frame457.png	-0.378253	-0.881380	0.115000	-4.510872	-0.336934	-77.589989	0.271386	0.113578	-0.241270	-0.050388	251.519563	-177.380741	1.575421	178.313436	-0.264674	-1.122650	0.064612	178.108387	1.238487	100.723447
frame460.png	-0.355150	-0.877628	0.118195	-7.761293	0.574073	-77.926885	0.266444	0.089132	-0.244865	-0.055581	247.909079	-173.535007	0.308428	177.043548	-0.266019	-1.122493	0.062614	178.703699	0.882501	99.116663
frame462.png	-0.352551	-0.891039	0.115418	-7.057294	0.204533	-77.370486	0.253241	0.085794	-0.231761	-0.055293	245.374091	-174.333034	0.718449	172.672874	-0.266757	-1.122799	0.060125	178.609672	0.922982	95.302388
frame464.png	-0.338228	-0.969041	0.099836	-4.871452	-0.048547	-76.337052	0.175003	0.073323	-0.153823	-0.039852	247.843310	-176.901269	1.125108	173.582781	-0.264906	-1.122864	0.059984	178.227279	1.076561	97.245729
frame466.png	-0.326505	-1.012543	0.092588	-5.704084	-0.058296	-77.245854	0.136047	0.070871	-0.110174	-0.036712	250.141082	-177.071859	0.733607	176.679312	-0.255634	-1.122716	0.055877	177.224056	0.675311	99.433457
frame469.png	-0.306181	-1.049906	0.079766	-8.876681	1.202454	-77.969766	0.096128	0.057221	-0.072253	-0.027313	246.202617	-172.932008	-0.503620	175.242676	-0.248960	-1.122158	0.052454	178.191311	0.698834	97.272911
frame471.png	-0.292232	-1.087434	0.072713	-2.624170	0.746899	-76.918101	0.061598	0.045851	-0.034280	-0.022735	248.065143	-178.698227	-0.239250	172.055810	-0.246381	-1.121714	0.049979	178.677604	0.507649	95.137710
frame473.png	-0.252178	-1.097435	0.068358	0.843206	-1.460994	-75.439229	0.032711	0.010046	-0.023727	-0.020152	249.732119	176.833162	1.017773	176.338107	-0.242132	-1.121162	0.048205	177.676368	-0.443220	100.898878
frame475.png	-0.202770	-1.097491	0.076649	-1.471089	-0.861564	-74.256101	0.057609	-0.039121	-0.023801	-0.034955	252.464415	177.575137	1.314778	179.453680	-0.241891	-1.121291	0.041694	176.104048	0.453214	105.197578
frame477.png	-0.135941	-1.093377	0.077945	-4.709863	-1.248306	-73.852680	0.120953	-0.108535	-0.028786	-0.044960	251.209840	179.066148	2.386367	176.170382	-0.244475	-1.122163	0.032986	174.356285	1.138061	102.317702
frame480.png	-0.092702	-1.103123	0.066835	-3.525201	0.091994	-77.233249	0.160679	-0.154123	-0.019151	-0.041197	250.619926	179.116514	1.143592	175.289228	-0.246825	-1.122274	0.025639	175.591313	1.235586	98.055979
frame482.png	-0.065086	-1.108133	0.058311	-2.916020	0.658374	-79.178736	0.184954	-0.180916	-0.013280	-0.036070	253.729386	-179.079889	-0.203832	179.746914	-0.246002	-1.121413	0.022241	178.004091	0.454542	100.568178
frame484.png	-0.033042	-1.107015	0.058653	-3.722826	0.078956	-79.604338	0.216998	-0.212832	-0.013621	-0.040064	251.412583	-176.200389	0.050311	-179.336854	-0.245875	-1.120636	0.018588	180.076785	0.129266	101.058808
frame486.png	0.015245	-1.109635	0.064557	-9.776293	1.460611	-78.904440	0.269641	-0.263546	-0.011938	-0.055745	243.051003	-170.567710	-0.862337	173.146479	-0.248301	-1.121573	0.008812	179.655997	0.598274	94.242039
frame488.png	0.036649	-1.125809	0.066450	-7.328522	0.474911	-77.922557	0.290752	-0.284950	0.004236	-0.057639	244.079942	-173.015474	0.123364	172.164598	-0.248301	-1.121573	0.008812	179.656004	0.598275	94.242041
frame491.png	0.064896	-1.144697	0.062865	-5.908376	0.175138	-77.406367	0.317134	-0.310354	0.022450	-0.061242	248.616972	-175.884474	0.769505	175.711294	-0.245458	-1.122247	0.001623	178.207150	0.944643	98.304927
frame493.png	0.081764	-1.162509	0.056398	-6.347964	0.753793	-78.235617	0.334208	-0.327221	0.040262	-0.054776	248.892590	-175.444888	0.190816	176.540579	-0.245458	-1.122247	0.001623	178.207148	0.944609	98.304962
frame495.png	0.087453	-1.187184	0.049837	-5.493155	-0.499400	-77.644603	0.341330	-0.331131	0.065303	-0.050930	248.099541	-175.424199	1.078078	175.438224	-0.243678	-1.121881	-0.001093	179.082645	0.578679	97.793621
frame497.png	0.089437	-1.218189	0.043053	-4.934453	-0.551766	-76.981212	0.346930	-0.330107	0.096520	-0.045536	249.290779	-176.686854	2.101907	175.850021	-0.240671	-1.121669	-0.002483	178.378693	1.550141	98.868809
frame500.png	0.088953	-1.245001	0.034280	-5.516371	-0.056881	-77.165267	0.349256	-0.324438	0.123533	-0.038207	250.087592	-176.881410	1.367499	176.790556	-0.235485	-1.121468	-0.003927	177.602218	1.310617	99.625289
frame502.png	0.047923	-1.236838	0.024114	-3.970748	-1.694347	-77.314039	0.305464	-0.281243	0.115749	-0.028507	250.423305	-178.059046	2.756965	176.065916	-0.233319	-1.121089	-0.004393	177.970206	1.062618	98.751877
frame504.png	0.022498	-1.222284	0.030277	-6.946189	-0.240640	-75.853255	0.276793	-0.255309	0.102797	-0.029399	248.642182	-175.198462	2.563201	176.413898	-0.232811	-1.119487	0.000879	177.855350	2.322561	100.560643
frame506.png	0.003712	-1.228535	0.033610	-9.661967	1.357791	-75.009940	0.261405	-0.236534	0.107986	-0.026890	243.199432	-174.491971	-0.940702	169.403751	-0.232822	-1.120549	0.006719	175.846062	0.417090	94.393810
frame508.png	-0.017890	-1.238104	0.030107	-9.311833	1.628142	-75.277023	0.246093	-0.214931	0.117555	-0.023387	243.637886	-174.842103	-1.211054	169.670833	-0.232822	-1.120549	0.006719	175.846064	0.417088	94.393810
frame511.png	-0.056979	-1.282939	0.015995	-5.359863	0.152211	-74.666824	0.233706	-0.166941	0.163516	-0.003438	249.348252	-179.138376	0.292347	173.447132	-0.223920	-1.119422	0.012556	175.501762	0.444559	98.780308
frame513.png	-0.073214	-1.306297	0.014129	-3.785605	-0.121044	-74.637838	0.240077	-0.150706	0.186875	-0.001573	249.435695	179.287432	0.565606	173.418173	-0.223920	-1.119423	0.012556	175.501826	0.444562	98.780335
frame515.png	-0.087904	-1.334385	0.022344	-2.793420	0.001714	-78.132215	0.252520	-0.132648	0.214707	-0.008454	252.269031	178.277886	0.297047	178.484092	-0.220552	-1.119678	0.013890	175.484466	0.298760	100.351876
frame517.png	-0.096504	-1.350908	0.039401	-2.642255	-0.211410	-78.412708	0.260310	-0.120366	0.229509	-0.024476	253.195203	-178.396174	0.779565	179.671946	-0.216870	-1.121399	0.014924	178.961572	0.568156	101.259239
frame520.png	-0.100237	-1.370829	0.037233	-3.477591	-0.368570	-80.441798	0.272843	-0.113836	0.247012	-0.021670	250.915800	-176.627692	1.661856	-178.209526	-0.214073	-1.123817	0.015563	179.894716	1.293287	101.348676
frame522.png	-0.101930	-1.382220	0.042520	-4.271503	0.192436	-80.283640	0.282061	-0.110468	0.258116	-0.027043	250.116862	-174.590781	1.249696	-179.094786	-0.212398	-1.124104	0.015477	181.137716	1.442131	100.621574
frame524.png	-0.102574	-1.391813	0.051315	-4.911775	0.378853	-79.233935	0.290182	-0.108496	0.266739	-0.035840	249.623956	-174.014172	0.621124	178.971510	-0.211069	-1.125074	0.015475	181.074053	0.999977	99.737575
frame526.png	-0.102353	-1.402776	0.073212	-5.253830	0.444308	-77.754547	0.300890	-0.107329	0.275061	-0.057937	248.958724	-175.447710	0.167061	176.631026	-0.209683	-1.127715	0.015275	179.298460	0.611369	98.876479
frame528.png	-0.102958	-1.414409	0.105627	-5.555757	0.512696	-75.893372	0.317407	-0.106309	0.285073	-0.090439	247.825732	-175.834423	0.040692	174.642055	-0.209266	-1.129336	0.015188	178.609820	0.553388	98.748683
frame531.png	-0.100497	-1.433425	0.116205	-6.764308	-0.155447	-77.549970	0.332004	-0.106915	0.297461	-0.101551	248.844727	-176.346958	1.024391	175.568788	-0.207412	-1.135964	0.014654	176.888734	0.868944	98.018818
frame533.png	-0.107062	-1.441683	0.102121	-7.456734	0.239890	-79.541407	0.333444	-0.100350	0.305719	-0.087467	249.764961	-175.654525	0.629067	177.560209	-0.207412	-1.135964	0.014654	176.888741	0.868957	98.018802
frame535.png	-0.136095	-1.457811	0.088443	-4.962106	-0.750783	-80.523185	0.338748	-0.069653	0.323213	-0.073702	249.653140	-175.599340	2.334636	177.443264	-0.205747	-1.134597	0.014740	179.438554	1.583853	96.920079
frame537.png	-0.169687	-1.447410	0.088908	-4.183977	0.737231	-80.189534	0.324337	-0.034379	0.313995	-0.073619	249.070317	-175.065962	0.516223	177.165644	-0.204066	-1.133414	0.015289	180.750061	1.253454	96.976110
frame539.png	-0.175845	-1.430794	0.105380	-4.161765	2.089107	-77.868890	0.311728	-0.025857	0.298853	-0.084809	248.342036	-174.446318	-0.332316	176.754458	-0.201702	-1.131941	0.020571	181.391917	1.756791	98.885568
frame542.png	-0.168632	-1.399930	0.115609	-6.070619	-0.264861	-75.792067	0.283729	-0.035773	0.266024	-0.091942	247.603017	-174.918878	-0.991951	175.241708	-0.204405	-1.133906	0.023667	179.010503	-1.256812	99.449640
frame544.png	-0.160419	-1.338365	0.123936	-8.196699	-0.177946	-75.640332	0.232148	-0.047244	0.203976	-0.100272	246.571621	-174.920181	0.506281	173.782157	-0.207663	-1.134388	0.023663	176.883120	0.328335	98.141825
frame546.png	-0.155364	-1.306396	0.131002	-9.073254	0.302850	-75.614432	0.212338	-0.063797	0.172237	-0.106544	244.454434	-174.614559	1.045769	171.074933	-0.219161	-1.134159	0.024459	176.312187	1.348619	95.460501
frame548.png	-0.179496	-1.301722	0.127552	-4.653408	-0.923828	-77.258492	0.200696	-0.039665	0.167563	-0.103093	248.777665	-179.034393	2.272450	172.718988	-0.219161	-1.134159	0.024459	176.312199	1.348622	95.460496
frame551.png	-0.203202	-1.291547	0.132458	-1.443327	-0.834938	-79.133560	0.188988	-0.017661	0.157691	-0.102655	253.119070	-179.089323	2.089144	-178.862833	-0.220864	-1.133856	0.029803	179.467349	1.254206	102.003607
frame553.png	-0.208767	-1.268904	0.136867	-7.904061	0.437863	-78.136649	0.172763	-0.012097	0.135048	-0.107064	249.300669	-172.628604	0.816343	-179.859730	-0.220864	-1.133856	0.029803	179.467335	1.254206	102.003621
frame555.png	-0.212970	-1.260912	0.139873	-10.579576	1.220515	-78.071874	0.167249	-0.009472	0.126777	-0.108675	245.848838	-169.780944	-0.177906	177.809029	-0.222442	-1.134135	0.031198	179.639480	1.042610	99.737155
frame557.png	-0.254553	-1.268055	0.142181	-7.183832	1.181795	-79.089543	0.174998	0.029664	0.133698	-0.108947	244.978140	-173.962620	-0.308816	172.485363	-0.224888	-1.134357	0.033234	178.853547	0.872979	93.395819
frame559.png	-0.313919	-1.264185	0.141620	-9.656906	0.550977	-78.281115	0.185224	0.092909	0.129429	-0.094467	243.271530	-171.515600	0.516712	172.520055	-0.221010	-1.134756	0.047153	178.827494	1.067688	94.238940
frame562.png	-0.373390	-1.282365	0.135732	-8.173256	0.054529	-78.011663	0.230219	0.154085	0.147585	-0.086470	244.681885	-173.116846	1.263612	172.910919	-0.219305	-1.134780	0.049262	178.709898	1.318141	94.899257
frame564.png	-0.403870	-1.292814	0.133767	-7.678575	0.708794	-78.548980	0.258919	0.189509	0.158682	-0.077108	245.604979	-172.589976	-0.129921	174.741205	-0.214360	-1.134132	0.056660	179.731448	0.578873	96.192225
frame566.png	-0.422522	-1.302071	0.131657	-7.775313	0.957507	-79.165884	0.277776	0.208161	0.167939	-0.074997	245.976680	-172.493239	-0.378635	175.358108	-0.214360	-1.134132	0.056660	179.731448	0.578872	96.192224
frame568.png	-0.448454	-1.315350	0.127674	-6.357017	0.185220	-79.386713	0.305776	0.236433	0.181307	-0.068751	247.430166	-173.559334	0.782393	176.346909	-0.212021	-1.134043	0.058924	180.083649	0.967612	96.960196
frame571.png	-0.476214	-1.335794	0.130080	-3.128764	-0.407731	-78.991184	0.341477	0.267467	0.201173	-0.067802	251.259684	-176.726480	1.565875	178.596551	-0.208747	-1.134622	0.062278	180.144756	1.158144	99.605367
frame573.png	-0.486279	-1.341961	0.130963	-2.920602	-0.509744	-78.361325	0.353987	0.279374	0.206877	-0.066773	252.620306	-177.645220	1.474432	179.602396	-0.206905	-1.135084	0.064190	179.434178	0.964689	101.241071
frame575.png	-0.492171	-1.342611	0.125823	-3.217072	-0.299214	-78.744429	0.358510	0.285777	0.207490	-0.061716	252.493160	-177.677902	1.362836	179.392033	-0.206394	-1.135121	0.064107	179.105026	1.063622	100.647604
frame577.png	-0.494562	-1.318461	0.129120	-1.713935	-0.367651	-78.482088	0.346489	0.286522	0.184202	-0.063476	253.407337	-178.795131	1.107839	-179.572694	-0.208041	-1.134259	0.065644	179.490934	0.740187	101.945217
frame579.png	-0.486515	-1.293996	0.132104	-4.977312	0.334233	-78.321368	0.324086	0.274077	0.159649	-0.066527	249.665158	-175.733322	0.248269	177.342688	-0.212438	-1.134347	0.065577	179.289366	0.582503	99.021321
frame582.png	-0.479058	-1.223257	0.148247	-6.298157	-0.107596	-78.404088	0.288024	0.261400	0.088858	-0.082049	248.352363	-174.847576	1.161265	176.368571	-0.217658	-1.134398	0.066198	178.854267	1.053669	97.964483
frame584.png	-0.479700	-1.143902	0.162521	-6.191313	0.085964	-77.966975	0.265295	0.248140	0.009185	-0.093402	248.034569	-174.904009	0.907760	175.866174	-0.231560	-1.134716	0.069119	178.904678	0.993724	97.899199
frame586.png	-0.482201	-1.102418	0.172184	-5.556994	-0.181179	-77.056457	0.272922	0.250641	-0.032298	-0.103065	247.839800	-175.538326	1.174904	174.955657	-0.231560	-1.134716	0.069119	178.904680	0.993725	97.899201
frame588.png	-0.473822	-1.074339	0.186691	-4.954300	0.132916	-76.858233	0.271005	0.236992	-0.061255	-0.116303	249.155848	-176.822871	0.926598	175.531908	-0.236831	-1.135594	0.070387	178.222830	1.059514	98.673675
frame591.png	-0.432016	-1.051834	0.188640	-4.801927	0.092360	-76.850480	0.239420	0.189645	-0.084348	-0.119340	249.939102	-177.307538	0.969269	176.155194	-0.242370	-1.136182	0.069300	177.890535	1.061628	99.304713
frame593.png	-0.403421	-1.040617	0.187635	-5.748359	-0.580371	-77.836381	0.221607	0.158598	-0.095458	-0.121837	249.950363	-176.301594	1.151800	177.176763	-0.244823	-1.136074	0.065798	177.950047	0.571429	99.340382
frame595.png	-0.377358	-1.040466	0.189030	-5.953791	0.118960	-78.095461	0.205002	0.130397	-0.094997	-0.126483	248.910296	-175.335886	1.422117	176.668164	-0.246962	-1.135463	0.062547	178.710323	1.541077	98.572703
frame597.png	-0.352363	-1.037193	0.190188	-7.847486	0.475983	-78.463142	0.194334	0.104591	-0.098452	-0.130896	247.375764	-173.101258	0.462756	176.721557	-0.247772	-1.135645	0.059292	179.051255	0.938739	98.258415
frame599.png	-0.327204	-1.035517	0.195147	-10.276931	0.939249	-78.575751	0.189831	0.077002	-0.100373	-0.141533	242.387212	-170.396051	0.105773	172.385426	-0.250202	-1.135890	0.053613	179.327018	1.045021	93.809675
frame602.png	-0.277597	-1.039017	0.194283	-16.155516	2.017189	-78.353621	0.174460	0.026654	-0.097182	-0.142414	236.580311	-164.777333	-1.302645	169.755640	-0.250942	-1.136199	0.051870	179.067151	0.714544	91.402019
frame604.png	-0.262058	-1.046052	0.193215	-15.415296	2.039257	-78.120224	0.173285	0.011129	-0.089912	-0.147714	235.125871	-165.818851	-1.033131	166.694981	-0.250929	-1.135964	0.045500	178.765853	1.006126	88.574757
frame606.png	-0.247829	-1.056376	0.191244	-13.982154	2.088842	-77.677686	0.166088	-0.003099	-0.079588	-0.145744	235.826792	-167.251989	-1.082717	166.252445	-0.250929	-1.135964	0.045500	178.765857	1.006125	88.574759
frame608.png	-0.218817	-1.066107	0.186841	-16.798753	3.294519	-78.089993	0.162477	-0.031250	-0.069827	-0.143340	235.402958	-164.842437	-2.612678	168.031836	-0.250067	-1.135934	0.043501	178.358810	0.681841	89.941843
frame610.png	-0.156515	-1.077971	0.179147	-24.580790	4.320228	-78.810768	0.177441	-0.093162	-0.057659	-0.139576	228.258310	-156.808932	-4.240585	165.815657	-0.249677	-1.135630	0.039571	178.610278	0.079643	87.004889
frame613.png	-0.122658	-1.116771	0.170618	-25.727173	4.465753	-78.259807	0.190255	-0.126091	-0.018301	-0.141291	220.787014	-155.602033	-3.444886	156.598357	-0.248749	-1.135072	0.029328	178.670794	1.020867	78.338550
frame615.png	-0.106335	-1.144572	0.164025	-24.877942	4.385361	-78.526907	0.196436	-0.139746	0.009525	-0.137722	221.659748	-156.764024	-3.596752	156.668912	-0.246082	-1.135047	0.026303	178.358033	0.788609	78.142005
frame617.png	-0.089867	-1.172737	0.155794	-24.423644	4.166464	-78.957493	0.205905	-0.153182	0.037901	-0.132270	222.669067	-156.935578	-3.506712	157.925427	-0.243049	-1.134835	0.023524	178.640779	0.659752	78.967935
frame619.png	-0.065901	-1.188848	0.149450	-23.979963	4.261068	-79.025580	0.224312	-0.172641	0.054778	-0.132328	223.321555	-156.845177	-3.737487	158.928093	-0.238542	-1.134070	0.017122	179.174860	0.523581	79.902512
frame622.png	-0.029209	-1.183551	0.151489	-22.880779	3.782079	-78.843122	0.255079	-0.209879	0.049554	-0.136237	224.186152	-157.850712	-3.200198	159.161372	-0.239088	-1.133997	0.015252	179.268509	0.581881	80.318250
frame624.png	-0.012538	-1.179152	0.156217	-20.444346	3.415871	-78.261764	0.273575	-0.228049	0.044559	-0.144401	226.559001	-160.596938	-2.671063	159.782570	-0.240586	-1.134594	0.011816	178.958715	0.744808	81.520807
frame626.png	-0.019153	-1.178731	0.154852	-14.190454	2.160085	-77.687937	0.268832	-0.222651	0.044097	-0.144057	233.644609	-167.328562	-1.508849	163.060355	-0.241804	-1.134634	0.010795	178.480984	0.651236	85.372418
frame628.png	-0.054166	-1.200927	0.150721	-1.779000	-0.355833	-77.526774	0.237090	-0.182857	0.066525	-0.135461	254.312879	-179.795827	0.893179	179.854673	-0.237023	-1.134402	0.015260	178.425173	0.537345	102.327899
frame630.png	-0.078419	-1.219094	0.152725	5.439696	-1.273469	-77.373434	0.224270	-0.156897	0.084427	-0.136207	246.760867	173.110727	1.296275	-175.846301	-0.235316	-1.134667	0.016518	178.550423	0.022806	106.780265
frame633.png	-0.107536	-1.232464	0.158696	6.123080	-2.961171	-76.649352	0.210122	-0.124397	0.097153	-0.138701	242.803412	170.794931	3.861113	-172.533128	-0.231933	-1.135311	0.019995	176.918012	0.899942	110.817519
frame635.png	-0.155874	-1.249926	0.141137	9.938205	-4.474412	-77.191727	0.181522	-0.074657	0.115020	-0.118941	239.462975	167.127825	5.558413	-171.405691	-0.230531	-1.134906	0.022196	177.066029	1.084001	111.402582
frame637.png	-0.231103	-1.286547	0.120772	19.412574	-6.949616	-78.173185	0.177752	0.007318	0.153038	-0.090120	225.997218	157.767772	9.477465	-161.537148	-0.223785	-1.133508	0.030652	177.180347	2.527850	120.289667
frame639.png	-0.266991	-1.308215	0.124720	23.732807	-7.004747	-78.486390	0.201430	0.048267	0.174451	-0.088383	218.107059	153.627498	8.970289	-154.560069	-0.218724	-1.133765	0.036337	177.360305	1.965542	126.953541
frame642.png	-0.326911	-1.316197	0.119864	19.277862	-6.313827	-77.345103	0.227537	0.113214	0.183158	-0.073544	224.494628	157.389175	6.993749	-159.929900	-0.213697	-1.133038	0.046320	176.667038	0.679922	122.724997
frame644.png	-0.347441	-1.314381	0.122845	17.471906	-5.139590	-76.838408	0.237968	0.133744	0.181342	-0.076525	226.090364	159.195122	5.819497	-160.436590	-0.213697	-1.133038	0.046320	176.667028	0.679907	122.725002
frame646.png	-0.385782	-1.289571	0.128978	14.515732	-4.960103	-76.582761	0.245579	0.172172	0.156143	-0.079279	229.957866	162.319319	5.384271	-162.800701	-0.213610	-1.133427	0.049699	176.835051	0.424168	120.616539
frame648.png	-0.442687	-1.259039	0.128121	12.518600	-4.250279	-75.930667	0.267805	0.225786	0.125326	-0.070948	233.713285	163.993551	4.863586	-166.446269	-0.216901	-1.133713	0.057173	176.512151	0.613307	117.623064
frame650.png	-0.475799	-1.248299	0.153600	13.627567	-3.968349	-77.093537	0.296312	0.257663	0.113935	-0.091813	232.344711	163.299860	4.213496	-165.225503	-0.218136	-1.134363	0.061786	176.927426	0.245147	117.680960
frame653.png	-0.475380	-1.260035	0.247778	9.290081	-3.838811	-77.419592	0.333815	0.256240	0.110643	-0.183115	237.289612	169.035520	5.117008	-166.454707	-0.219140	-1.149392	0.064663	178.325601	1.278196	116.125701
frame655.png	-0.464133	-1.265306	0.243934	8.009832	-3.573517	-77.056361	0.325403	0.244813	0.115928	-0.180318	240.375140	170.111286	4.847738	-169.761178	-0.219320	-1.149378	0.063616	178.121119	1.274221	113.182461
frame657.png	-0.459610	-1.273184	0.238709	9.309084	-3.496560	-76.614713	0.322913	0.240595	0.124078	-0.176044	240.545664	168.713577	4.667759	-171.394741	-0.219015	-1.149106	0.062664	178.022661	1.171198	111.990545
frame659.png	-0.440226	-1.282484	0.244568	10.204803	-3.582657	-76.091644	0.318124	0.222440	0.133472	-0.184143	237.630741	167.139588	3.927920	-168.870657	-0.217786	-1.149013	0.060425	177.344391	0.345263	115.037699
frame661.png	-0.419423	-1.289264	0.250945	11.068480	-4.192309	-76.323407	0.312625	0.201898	0.140059	-0.193274	236.053088	165.675605	4.902934	-168.073244	-0.217525	-1.149205	0.057671	176.744085	0.710625	115.603349
frame664.png	-0.395265	-1.290369	0.249274	9.037142	-3.786970	-77.521495	0.298067	0.177364	0.141221	-0.193501	238.120197	168.384510	4.906704	-168.296790	-0.217900	-1.149148	0.055773	177.421652	1.119734	114.181715
frame666.png	-0.376305	-1.294760	0.243179	10.608422	-3.525341	-77.718320	0.287656	0.158441	0.146027	-0.190574	237.016807	167.729728	4.436654	-167.403767	-0.217864	-1.148733	0.052605	178.338149	0.911313	114.877913
frame668.png	-0.343745	-1.301543	0.243112	11.196540	-3.583014	-77.926544	0.275983	0.125807	0.152779	-0.192348	236.290048	167.296587	4.493040	-166.807228	-0.217938	-1.148764	0.050764	178.493127	0.910026	115.266227
frame670.png	-0.322082	-1.307777	0.249828	10.953594	-3.801645	-78.377909	0.278212	0.104045	0.158860	-0.203323	236.024469	167.541110	4.951135	-166.171636	-0.218038	-1.148918	0.046505	178.494704	1.149490	115.450455
frame673.png	-0.297432	-1.290420	0.242618	11.190826	-3.842694	-77.881854	0.256866	0.078902	0.141461	-0.199357	236.078231	167.328886	5.169235	-166.454962	-0.218531	-1.148959	0.043261	178.519711	1.326541	115.663185
frame675.png	-0.260756	-1.250782	0.261571	12.081556	-3.450265	-78.641224	0.246150	0.039759	0.101659	-0.220623	234.561515	166.462532	4.517726	-165.193582	-0.220997	-1.149123	0.040948	178.544088	1.067461	116.165193
frame677.png	-0.210800	-1.188568	0.276810	9.047824	-2.628005	-78.744274	0.242266	-0.016541	0.039472	-0.238456	236.530902	169.915901	3.416043	-164.510743	-0.227342	-1.149097	0.038354	178.963725	0.788038	116.744982
frame679.png	-0.190213	-1.147485	0.289429	7.500403	-2.879185	-78.348488	0.258668	-0.046482	-0.002243	-0.254448	240.543326	171.845396	3.625134	-168.276885	-0.236695	-1.149728	0.034981	179.345799	0.745949	113.374627
frame681.png	-0.146804	-1.159626	0.287402	12.962736	-3.618655	-77.517819	0.276044	-0.095479	0.008966	-0.258851	233.648382	165.103118	4.079902	-165.275169	-0.242283	-1.150660	0.028551	178.065854	0.461247	117.207013
frame684.png	-0.091968	-1.150471	0.293347	5.766117	-2.655367	-77.773075	0.307035	-0.151034	0.000297	-0.267318	238.756095	172.261836	3.963423	-165.271365	-0.243001	-1.150174	0.026029	178.027952	1.308056	116.955559
frame686.png	-0.065253	-1.154082	0.285978	2.573099	-2.122354	-77.816295	0.322515	-0.180131	0.004569	-0.267485	248.160242	175.687695	3.429154	-175.230078	-0.245383	-1.149513	0.018493	178.260794	1.306800	106.953627
frame688.png	-0.065424	-1.207564	0.265432	8.698960	-2.945980	-77.896775	0.309203	-0.174980	0.058441	-0.248139	240.458487	169.637590	4.159411	-170.370394	-0.240404	-1.149122	0.017292	178.336550	1.213431	111.732831
frame690.png	-0.044940	-1.227911	0.269760	5.325668	-1.676707	-77.479816	0.331532	-0.191597	0.078781	-0.258839	246.560203	172.515798	2.265984	-176.139429	-0.236537	-1.149130	0.010921	177.841466	0.589277	106.380754
frame693.png	0.002591	-1.249704	0.258400	-1.776633	-1.302746	-76.856151	0.359869	-0.239076	0.100583	-0.249463	253.886477	179.456244	2.336238	-179.578233	-0.236485	-1.149121	0.008937	177.679610	1.033492	103.565617
frame695.png	0.017064	-1.265100	0.253524	-4.505213	-0.371204	-77.002784	0.371300	-0.250486	0.116604	-0.248040	251.916313	-177.216726	1.342541	179.037031	-0.233422	-1.148496	0.005484	178.278061	0.971337	102.034247
frame697.png	0.017982	-1.252245	0.253845	-1.966445	-0.496301	-77.218101	0.368309	-0.251405	0.103748	-0.248361	253.861332	-179.755435	1.467570	179.252352	-0.233422	-1.148496	0.005484	178.278120	0.971269	102.034251
frame699.png	0.028000	-1.238763	0.257479	-2.965853	0.071913	-76.617354	0.376416	-0.264390	0.090242	-0.252277	252.756934	-179.122100	0.327824	178.329004	-0.236390	-1.148521	0.005202	177.912047	0.399737	101.711650
frame701.png	0.035967	-1.221253	0.265016	-2.261574	-0.028180	-76.528200	0.385203	-0.274037	0.072244	-0.260894	252.467738	179.777244	0.198180	177.257050	-0.238070	-1.149009	0.004122	177.515670	0.170000	100.728850
frame704.png	0.043984	-1.200784	0.272527	-1.134271	-0.390098	-76.500865	0.395559	-0.286204	0.051202	-0.268203	252.905301	178.448456	0.402308	179.212382	-0.242220	-1.149582	0.004324	177.314185	0.012210	102.711517
frame706.png	0.058316	-1.147160	0.280454	-1.035302	-1.063538	-77.464841	0.414157	-0.308086	-0.002243	-0.276774	253.611403	179.341442	2.140173	-179.306471	-0.249770	-1.149403	0.003680	178.306140	1.076635	103.228689
frame708.png	0.063192	-1.108382	0.287404	-0.763251	-1.277437	-78.110507	0.427762	-0.318016	-0.040978	-0.283138	253.181760	179.654003	2.645919	-178.377245	-0.254823	-1.149360	0.004266	178.890753	1.368482	103.512248
frame710.png	0.064636	-1.089907	0.296200	-0.135152	-1.666427	-78.003726	0.438502	-0.321976	-0.060112	-0.291552	252.206655	178.855200	3.246813	-177.787718	-0.257340	-1.150019	0.004649	178.720048	1.580386	104.208556
frame712.png	0.052321	-1.071849	0.301939	-1.800433	-1.905728	-77.018237	0.436333	-0.311584	-0.078459	-0.295205	254.004509	179.494124	3.854106	179.681096	-0.259263	-1.150308	0.006735	177.693691	1.948379	102.662859
frame715.png	-0.019572	-1.066167	0.303827	-2.029182	-2.053929	-77.502321	0.383182	-0.238307	-0.084192	-0.288010	254.418324	-179.842332	4.277370	179.908652	-0.257879	-1.150359	0.015817	178.128486	2.223441	102.406332
frame717.png	-0.045098	-1.060878	0.308710	-1.728736	-1.054843	-77.694474	0.370154	-0.212690	-0.089981	-0.289275	254.354834	-179.745042	2.313039	-179.952081	-0.257788	-1.150859	0.019435	178.526223	1.258196	102.353445
frame719.png	-0.070049	-1.059706	0.310582	-1.945558	-0.632399	-77.923056	0.355242	-0.187039	-0.090238	-0.288219	253.698656	-179.372312	1.445415	-179.405944	-0.257089	-1.149944	0.022363	178.682130	0.813016	102.671000
frame721.png	-0.115619	-1.054726	0.293092	-2.097671	-1.389387	-77.421791	0.315635	-0.140667	-0.094206	-0.266390	254.306672	-179.649160	2.870858	-179.971722	-0.256286	-1.148932	0.026701	178.253169	1.481471	102.606488
frame724.png	-0.195447	-1.055379	0.299823	-0.324412	-2.590906	-77.418312	0.282062	-0.059571	-0.094721	-0.258917	249.514133	178.578538	4.443486	-174.204661	-0.255018	-1.150099	0.040906	178.254126	1.852580	108.377026
frame726.png	-0.235261	-1.023129	0.317504	3.898421	-2.559397	-77.642435	0.304989	-0.019758	-0.126970	-0.276598	246.350582	174.355716	4.411976	-173.980540	-0.255018	-1.150099	0.040906	178.254136	1.852579	108.377026
frame728.png	-0.254261	-1.002515	0.312824	1.363886	-1.427116	-77.090680	0.306119	-0.003701	-0.147875	-0.268007	248.520796	176.591450	2.483082	-174.848163	-0.257962	-1.150390	0.044817	177.955336	1.055966	108.061157
frame730.png	-0.286353	-0.959331	0.322030	-3.977395	-0.358853	-76.137988	0.334042	0.024399	-0.190862	-0.273058	252.611705	-178.563375	1.438654	178.677713	-0.261954	-1.150193	0.048972	177.459229	1.079801	102.539725
frame732.png	-0.315587	-0.946855	0.319530	-3.254370	-0.601309	-76.045582	0.339553	0.051099	-0.203657	-0.266851	250.959432	-179.632639	1.033045	175.247494	-0.264488	-1.150512	0.052680	177.112991	0.431736	99.201912
frame735.png	-0.361635	-0.933514	0.327350	-1.959695	-0.431733	-77.500054	0.358268	0.097246	-0.217405	-0.267646	253.817401	-179.498098	1.003426	179.451106	-0.264389	-1.150919	0.059704	178.542208	0.571692	101.951052
frame737.png	-0.383821	-0.930698	0.324004	-1.102803	-1.254212	-77.102419	0.362065	0.119059	-0.220331	-0.261477	254.300574	-179.970024	2.020966	179.653801	-0.264762	-1.151029	0.062527	178.927173	0.766754	102.551382
frame739.png	-0.422503	-0.978535	0.312107	0.366535	-1.695963	-76.666464	0.341716	0.167861	-0.171523	-0.243254	251.236540	177.644754	2.493869	-177.639864	-0.254642	-1.150057	0.068853	178.011289	0.797905	105.693671
frame741.png	-0.450702	-0.993625	0.304289	0.795261	-1.282011	-76.831200	0.344007	0.196060	-0.156432	-0.235435	250.813214	177.216029	2.079914	-177.475128	-0.254642	-1.150057	0.068853	178.011290	0.797903	105.693671
frame744.png	-0.480206	-1.005645	0.293597	1.197660	-1.649483	-76.672545	0.348057	0.229640	-0.144225	-0.218194	251.133209	177.189909	2.620540	-177.945941	-0.250566	-1.149870	0.075403	178.387569	0.971057	105.381514
frame746.png	-0.504004	-1.015911	0.307841	1.247403	-1.571220	-77.347600	0.369057	0.253438	-0.133959	-0.232438	250.619372	177.140166	2.542278	-177.270888	-0.250566	-1.149870	0.075403	178.387569	0.971058	105.381511
frame748.png	-0.525844	-1.015565	0.313286	1.374355	-1.069473	-76.348410	0.387417	0.276428	-0.135118	-0.235420	251.065095	176.838276	1.759672	-178.210015	-0.249415	-1.150684	0.077866	178.212631	0.690199	105.441574
frame750.png	-0.544700	-1.020773	0.330526	1.777975	-0.763082	-74.715721	0.409740	0.296080	-0.132646	-0.250256	251.471068	176.021203	0.393605	-179.594207	-0.248620	-1.153419	0.080269	177.799178	-0.369477	105.690072
frame752.png	-0.599516	-1.027079	0.331409	0.301736	-2.050721	-77.640149	0.447857	0.353457	-0.126614	-0.244157	251.143738	178.103500	3.304001	-177.035036	-0.246059	-1.153693	0.087251	178.405237	1.253280	105.324816
frame755.png	-0.548859	-1.017265	0.359174	-4.316032	-1.486679	-72.272240	0.432192	0.298953	-0.143449	-0.277199	247.057530	177.079504	2.465157	172.261996	-0.249906	-1.160715	0.081974	172.763472	0.978478	99.989755
frame757.png	-0.357431	-1.141591	0.444482	2.796734	-0.674356	-72.440549	0.408210	0.114545	-0.029966	-0.390663	247.360311	170.449277	-0.210409	179.259932	-0.242886	-1.171556	0.053819	173.246011	-0.884765	106.819383
frame759.png	-0.314869	-1.142901	0.439065	0.420366	-2.515316	-70.565904	0.402191	0.072097	-0.026394	-0.394795	246.426107	173.084829	3.072372	175.379671	-0.242772	-1.169295	0.044269	173.505195	0.557056	104.813767
frame761.png	-0.302633	-1.151650	0.484556	-1.157779	-2.301720	-74.610639	0.446443	0.059994	-0.017491	-0.442047	251.043125	175.043035	2.629140	-179.932415	-0.242638	-1.169141	0.042509	173.885256	0.327420	105.456946
frame764.png	-0.210002	-1.159070	0.437854	2.643977	-2.196703	-73.489473	0.400537	-0.031704	-0.010392	-0.399145	250.032399	173.935637	2.706441	179.597522	-0.241706	-1.169461	0.038709	176.579614	0.509738	106.108048
frame766.png	-0.225976	-1.188358	0.438475	1.489442	-1.319714	-77.115386	0.402802	-0.014199	0.015735	-0.402245	250.137125	176.680082	1.129609	-177.063417	-0.240175	-1.172624	0.036231	178.169524	-0.190105	105.821197
frame768.png	-0.211334	-1.196898	0.459722	1.341417	-0.294245	-75.656304	0.428631	-0.026025	0.023603	-0.427189	251.642248	177.535784	-0.622785	-178.338102	-0.237359	-1.173296	0.032533	178.877201	-0.917030	106.005594
frame770.png	-0.199952	-1.217408	0.461150	1.648402	0.350040	-77.846314	0.432501	-0.037407	0.044112	-0.428616	249.879581	177.228800	-1.267074	-176.148096	-0.237359	-1.173296	0.032533	178.877202	-0.917034	106.005590
frame772.png	-0.182212	-1.223089	0.442616	1.801984	-0.224291	-75.591564	0.419531	-0.055611	0.051746	-0.412597	249.477325	174.078328	-0.119995	-178.705503	-0.237824	-1.171343	0.030019	175.880312	-0.344285	105.702933
frame775.png	-0.160657	-1.227132	0.419947	0.758712	-1.851225	-72.435575	0.405279	-0.076300	0.057664	-0.393833	247.917647	172.882516	2.344269	177.677515	-0.236957	-1.169468	0.026114	173.641229	0.493044	105.241940
frame777.png	-0.145953	-1.234954	0.412073	-0.410157	-2.539770	-73.094937	0.405250	-0.090142	0.067741	-0.389247	250.487129	175.029834	3.542769	179.153029	-0.236095	-1.167213	0.022827	174.619677	1.002999	106.058092
frame779.png	-0.105483	-1.245390	0.396660	1.681181	-2.975130	-74.353235	0.406083	-0.130276	0.079277	-0.376360	249.734955	173.953569	4.708600	-179.124350	-0.235759	-1.166113	0.020301	175.634750	1.733469	106.522414
frame781.png	-0.092479	-1.249981	0.385366	1.830881	-3.144291	-75.192271	0.401985	-0.141935	0.083433	-0.366723	251.358500	177.430383	4.592488	-177.984449	-0.234414	-1.166548	0.018643	179.261264	1.448197	106.823280
frame783.png	-0.074947	-1.284445	0.431769	2.841119	-0.934946	-81.657604	0.456877	-0.158177	0.109004	-0.414530	244.989812	175.057851	-1.607198	-171.383119	-0.233124	-1.175441	0.017239	177.898970	-2.542144	106.959276
frame786.png	-0.073903	-1.282434	0.446147	3.729497	1.420449	-72.639325	0.471625	-0.159466	0.107967	-0.430516	248.294637	171.116687	-3.527030	179.880144	-0.233369	-1.174466	0.015631	174.846185	-2.106581	107.240819
frame788.png	-0.076334	-1.295167	0.455762	1.740539	-0.704351	-75.337038	0.484520	-0.154664	0.120758	-0.443008	250.540428	176.263793	-0.522849	-178.048611	-0.230998	-1.174409	0.012753	178.004332	-1.227200	106.614351
frame790.png	-0.046940	-1.309555	0.437123	2.709998	0.152099	-75.989258	0.481903	-0.184059	0.135146	-0.424369	249.398251	175.294337	-1.379304	-177.396393	-0.230998	-1.174409	0.012753	178.004335	-1.227205	106.614349
frame792.png	-0.041471	-1.312337	0.432423	3.054852	0.582136	-73.392152	0.481710	-0.189117	0.139272	-0.420575	249.116324	172.374727	-3.073419	-179.823388	-0.230588	-1.173065	0.011848	175.429578	-2.491284	106.784460
frame795.png	-0.008707	-1.314585	0.407636	1.509769	-2.647596	-73.383591	0.479191	-0.221482	0.145682	-0.399182	248.908344	172.611531	3.552398	179.298644	-0.230190	-1.168903	0.008454	174.121300	0.904802	105.915053
frame797.png	0.003312	-1.317879	0.387253	0.063276	-3.517891	-74.535009	0.471408	-0.233034	0.151217	-0.380859	250.674167	174.980253	5.902211	179.400706	-0.229723	-1.166663	0.006393	175.043528	2.384321	104.865697
frame799.png	0.006902	-1.337284	0.367513	-1.154609	-3.217860	-76.051174	0.464494	-0.234051	0.172599	-0.362194	252.750600	177.720483	6.000697	179.617058	-0.227149	-1.164684	0.005319	176.565874	2.782837	103.565884
frame801.png	0.007007	-1.360444	0.366392	-0.652040	-2.866907	-77.285342	0.471857	-0.231399	0.195357	-0.361856	252.676120	178.486858	5.459987	-178.767592	-0.224392	-1.165087	0.004537	177.834817	2.593080	103.947067
frame803.png	0.003154	-1.412184	0.361665	2.705697	-3.107012	-76.871785	0.486161	-0.218033	0.245477	-0.358545	247.167232	174.156697	4.741958	-175.324269	-0.214879	-1.166707	0.003120	176.862394	1.634946	107.803945
frame806.png	-0.004698	-1.438318	0.366689	1.046517	-2.722801	-75.520946	0.499305	-0.209671	0.271414	-0.362874	250.382010	175.128166	4.367308	-178.891596	-0.214369	-1.166904	0.003815	176.174683	1.644507	105.587459
frame808.png	-0.070094	-1.452169	0.350102	-1.244005	-2.405062	-75.768877	0.461026	-0.137173	0.286315	-0.334294	252.901795	177.737888	3.742734	179.873714	-0.207266	-1.165854	0.015807	176.493883	1.337672	104.104837
frame810.png	-0.123380	-1.469859	0.354462	-0.766453	-2.013403	-75.770236	0.462755	-0.083886	0.304004	-0.338654	252.561872	177.260339	3.351071	179.875072	-0.207266	-1.165854	0.015807	176.493886	1.337668	104.104837
frame812.png	-0.173872	-1.499442	0.330174	5.386214	-3.412865	-77.994263	0.456299	-0.027673	0.334780	-0.308813	244.072480	173.245920	5.354512	-171.838749	-0.201545	-1.164663	0.021361	178.632134	1.941647	110.166988
frame815.png	-0.218341	-1.450527	0.350045	-1.222859	-2.120251	-75.047792	0.428657	0.011482	0.284542	-0.320392	251.075968	178.184660	3.305261	176.857129	-0.206859	-1.165984	0.029653	176.961801	1.185010	101.809337
frame817.png	-0.243002	-1.436900	0.367300	-2.300327	-0.997724	-77.242815	0.427775	0.030143	0.270272	-0.330207	253.832320	-179.280561	1.827360	179.683020	-0.212859	-1.166628	0.037093	178.419111	0.829635	102.440204
frame819.png	-0.265844	-1.396775	0.371012	-2.337056	-1.051574	-77.244843	0.408994	0.052985	0.230146	-0.333918	253.808172	-179.243801	1.881381	179.685025	-0.212859	-1.166629	0.037094	178.419143	0.829807	102.440182
frame821.png	-0.297116	-1.374697	0.369374	0.973231	-1.387716	-77.613639	0.396281	0.081977	0.207874	-0.327272	250.217819	177.782717	2.071113	-176.062412	-0.215140	-1.166823	0.042103	178.755948	0.683398	106.323949
frame823.png	-0.311601	-1.365670	0.373602	4.507393	-2.061234	-77.344328	0.396103	0.096997	0.198949	-0.328495	245.295629	173.861006	2.616528	-173.018640	-0.214604	-1.166721	0.045107	178.368399	0.555294	109.637031
frame826.png	-0.373617	-1.348993	0.357713	2.154649	-1.172377	-75.918418	0.389049	0.157929	0.182249	-0.305292	250.672910	175.040079	1.643316	-179.430148	-0.215687	-1.166744	0.052421	177.194728	0.470938	104.651434
frame828.png	-0.420858	-1.332855	0.380720	-1.648337	-1.416064	-76.295064	0.415739	0.205307	0.165943	-0.321172	252.528050	179.466958	2.343589	177.641590	-0.215551	-1.166912	0.059549	177.818621	0.927525	101.346526
frame830.png	-0.458318	-1.324535	0.376858	-3.836766	-0.594605	-76.862968	0.424461	0.239335	0.157688	-0.313082	252.156555	-177.837334	1.026096	178.761735	-0.218983	-1.166847	0.063776	178.325901	0.431491	101.898767
frame832.png	-0.475054	-1.267954	0.387303	-1.754233	-0.924462	-76.775246	0.417341	0.249169	0.099844	-0.319561	253.427495	179.650050	2.021473	178.737987	-0.225885	-1.168110	0.067743	177.895818	1.097011	101.962741
frame834.png	-0.478565	-1.238662	0.398166	-2.256050	-1.127986	-76.306421	0.418609	0.248715	0.070416	-0.329266	250.953775	-179.845580	2.292798	175.008878	-0.229849	-1.168246	0.068901	177.898370	1.164811	98.702457
frame837.png	-0.472054	-1.185746	0.419042	-10.563344	0.692518	-76.573016	0.422988	0.231025	0.017147	-0.353910	232.709846	-171.789635	0.588041	156.977221	-0.241028	-1.168599	0.065132	177.647020	1.280558	80.404205
frame839.png	-0.439025	-1.128319	0.420641	-23.906645	3.806722	-76.448730	0.408321	0.193232	-0.039890	-0.357486	217.304083	-157.138564	-3.016830	150.064770	-0.245793	-1.168209	0.063155	178.954792	0.789892	73.616039
frame841.png	-0.404694	-1.102347	0.439585	-30.107351	5.013201	-79.018476	0.413640	0.150208	-0.067047	-0.379526	211.405288	-151.404366	-4.459580	147.475510	-0.254486	-1.169393	0.060059	178.488283	0.553621	68.457033
frame843.png	-0.389578	-1.064903	0.454519	-31.740765	5.701708	-78.798303	0.429845	0.135091	-0.104490	-0.394461	210.099919	-149.770956	-5.148092	147.255336	-0.254486	-1.169393	0.060059	178.488279	0.553616	68.457033
frame846.png	-0.308578	-1.021524	0.457927	-44.360015	7.764753	-81.088833	0.428896	0.047911	-0.147978	-0.399698	207.611038	-137.330425	-7.474121	155.521172	-0.260666	-1.169502	0.058229	178.309559	0.290632	74.432338
frame848.png	-0.308748	-1.011090	0.460397	-36.854844	6.824618	-78.971685	0.434909	0.048082	-0.158412	-0.402168	211.075424	-144.835579	-6.533992	153.404030	-0.260666	-1.169502	0.058229	178.309577	0.290626	74.432345
frame850.png	-0.387126	-0.999739	0.457195	-21.616143	3.776192	-77.387792	0.447125	0.130072	-0.169299	-0.392861	232.761112	-160.089373	-2.904170	168.939912	-0.257054	-1.169038	0.064334	178.294484	0.872021	91.552119
frame852.png	-0.425798	-1.021768	0.445388	-4.309549	-0.594365	-75.881039	0.439281	0.173522	-0.146967	-0.375844	250.379215	-178.485389	1.501015	-175.586059	-0.252276	-1.168735	0.069543	177.205062	0.906650	108.532901
frame854.png	-0.106484	-0.925524	0.472388	11.094009	-3.136693	-78.573330	0.533989	-0.166089	-0.242093	-0.446038	232.320982	167.370280	4.418535	-161.061183	-0.272572	-1.167618	0.026350	178.464288	1.281841	120.365487
frame857.png	-0.037265	-1.022055	0.431958	16.708250	-5.216350	-78.770810	0.494540	-0.227497	-0.144981	-0.414482	228.272512	161.495012	6.838046	-161.186047	-0.264762	-1.167036	0.017475	178.203262	1.621696	120.043143
frame859.png	0.000804	-1.060827	0.423302	13.931348	-4.921561	-77.382856	0.497958	-0.260328	-0.105464	-0.411180	233.216366	164.153703	6.684972	-165.525667	-0.259525	-1.166291	0.012122	178.085051	1.763411	117.091476
frame861.png	-0.080328	-1.121765	0.388354	13.112591	-7.375084	-77.597002	0.416988	-0.168944	-0.042307	-0.378876	225.893211	161.036135	12.368512	-157.930764	-0.249272	-1.164071	0.009478	174.148725	4.993428	124.472235
frame863.png	0.070827	-1.184061	0.413175	21.720210	-10.670854	-77.879120	0.512254	-0.313052	0.021092	-0.404917	221.093873	154.135052	14.599107	-157.834573	-0.242225	-1.162969	0.008259	175.855261	3.928253	124.286307
frame866.png	0.036704	-1.251508	0.387451	19.154870	-5.336188	-80.277139	0.476920	-0.273199	0.088569	-0.380750	227.692846	160.538091	6.870291	-161.320651	-0.236494	-1.162939	0.006701	179.692962	1.534103	118.402210
frame868.png	-0.004396	-1.266618	0.358880	10.663320	-3.394083	-79.421673	0.435149	-0.230882	0.103473	-0.354037	237.597924	169.183119	4.763514	-166.754774	-0.235278	-1.163145	0.004843	179.846438	1.369431	113.823553
frame870.png	0.027202	-1.276839	0.369138	7.647642	-2.954062	-78.900062	0.462404	-0.259358	0.113206	-0.365698	241.871380	171.138132	4.413152	-170.862600	-0.232156	-1.163633	0.003441	178.785773	1.459090	110.237338
frame872.png	0.029542	-1.299633	0.367030	5.904524	-2.804533	-78.257898	0.467848	-0.260674	0.135741	-0.364012	244.178012	172.750837	4.213123	-172.517535	-0.231132	-1.163892	0.003018	178.655360	1.408590	109.224567
frame874.png	0.033977	-1.318150	0.369283	4.219535	-2.286407	-77.768574	0.476684	-0.262844	0.153388	-0.366896	246.083885	173.898354	3.247025	-174.086466	-0.228867	-1.164762	0.002387	178.117889	0.960618	108.144960
frame877.png	0.034747	-1.352922	0.373395	3.955011	-2.128220	-77.201024	0.490941	-0.259601	0.187332	-0.372206	246.389502	173.911953	3.056336	-174.508103	-0.224854	-1.165590	0.001189	177.866964	0.928116	108.290873
frame879.png	0.030117	-1.368256	0.369100	4.060875	-2.134362	-76.987203	0.490412	-0.253050	0.202616	-0.367989	246.005734	173.533442	2.677557	-174.349637	-0.222933	-1.165640	0.001112	177.594317	0.543195	108.663160
frame881.png	0.038128	-1.387566	0.367034	4.860341	-2.168686	-76.733711	0.500625	-0.258262	0.221889	-0.367004	245.442953	172.867197	2.946071	-174.213937	-0.220133	-1.165677	0.000030	177.727538	0.777385	109.052352
frame883.png	0.038700	-1.410486	0.361009	5.026120	-2.190272	-76.996992	0.506230	-0.256553	0.244664	-0.361371	244.985381	172.714826	2.840767	-173.722066	-0.217853	-1.165822	-0.000362	177.740945	0.650495	109.280943
frame886.png	0.038061	-1.435074	0.357621	5.466918	-2.353439	-76.834526	0.515279	-0.252603	0.269509	-0.359262	244.590308	172.373265	3.026336	-173.501347	-0.214542	-1.165565	-0.001640	177.840183	0.672897	109.664127
#Total error							0.340771	0.195862	0.153296	0.232944	245.016217	173.110947	3.146585	173.365642						
